0 0 3 0 0 2 0.0 0.0 1.0 1.0 
0 0 3 0 1 1 0.0 0.0 1.0 2.0 
0 0 3 0 2 0 0.0 0.0 1.0 1.0 
0 0 3 1 0 1 0.0 0.0 1.0 2.0 
0 0 3 1 1 0 0.0 0.0 1.0 2.0 
0 0 3 2 0 0 0.0 0.0 1.0 1.0 
0 1 2 0 0 2 0.0 0.33333334 0.6666667 3.0 
0 1 2 0 1 1 0.0 0.8333333 0.16666667 6.0 
0 1 2 0 2 0 0.0 0.0 1.0 3.0 
0 1 2 1 0 1 0.0 0.0 1.0 6.0 
0 1 2 1 1 0 0.0 0.5 0.5 6.0 
0 1 2 2 0 0 0.0 1.0 0.0 3.0 
0 2 1 0 0 2 0.0 0.6666667 0.33333334 3.0 
0 2 1 0 1 1 0.0 1.0 0.0 6.0 
0 2 1 0 2 0 0.0 0.6666667 0.33333334 3.0 
0 2 1 1 0 1 0.0 1.0 0.0 6.0 
0 2 1 1 1 0 0.0 0.8333333 0.16666667 6.0 
0 2 1 2 0 0 0.0 1.0 0.0 3.0 
0 3 0 0 0 2 0.0 0.0 1.0 1.0 
0 3 0 0 1 1 0.0 1.0 0.0 2.0 
0 3 0 0 2 0 0.0 1.0 0.0 1.0 
0 3 0 1 0 1 0.0 1.0 0.0 2.0 
0 3 0 1 1 0 0.0 1.0 0.0 2.0 
0 3 0 2 0 0 0.0 1.0 0.0 1.0 
1 0 2 0 0 2 0.0 0.33333334 0.6666667 3.0 
1 0 2 0 1 1 0.5 0.33333334 0.16666667 6.0 
1 0 2 0 2 0 0.0 0.0 1.0 3.0 
1 0 2 1 0 1 0.0 0.0 1.0 6.0 
1 0 2 1 1 0 0.16666667 0.33333334 0.5 6.0 
1 0 2 2 0 0 0.6666667 0.33333334 0.0 3.0 
1 1 1 0 0 2 0.16666667 0.6666667 0.16666667 6.0 
1 1 1 0 1 1 0.41666666 0.5 0.083333336 12.0 
1 1 1 0 2 0 0.0 0.8333333 0.16666667 6.0 
1 1 1 1 0 1 0.0 0.9166667 0.083333336 12.0 
1 1 1 1 1 0 0.25 0.5833333 0.16666667 12.0 
1 1 1 2 0 0 0.5 0.5 0.0 6.0 
1 2 0 0 0 2 0.0 0.6666667 0.33333334 3.0 
1 2 0 0 1 1 0.5 0.5 0.0 6.0 
1 2 0 0 2 0 0.0 0.6666667 0.33333334 3.0 
1 2 0 1 0 1 0.0 1.0 0.0 6.0 
1 2 0 1 1 0 0.16666667 0.6666667 0.16666667 6.0 
1 2 0 2 0 0 0.6666667 0.33333334 0.0 3.0 
2 0 1 0 0 2 0.0 0.6666667 0.33333334 3.0 
2 0 1 0 1 1 0.8333333 0.16666667 0.0 6.0 
2 0 1 0 2 0 0.0 0.6666667 0.33333334 3.0 
2 0 1 1 0 1 0.8333333 0.16666667 0.0 6.0 
2 0 1 1 1 0 0.33333334 0.5 0.16666667 6.0 
2 0 1 2 0 0 1.0 0.0 0.0 3.0 
2 1 0 0 0 2 0.0 0.6666667 0.33333334 3.0 
2 1 0 0 1 1 0.8333333 0.16666667 0.0 6.0 
2 1 0 0 2 0 0.0 0.6666667 0.33333334 3.0 
2 1 0 1 0 1 0.8333333 0.16666667 0.0 6.0 
2 1 0 1 1 0 0.33333334 0.5 0.16666667 6.0 
2 1 0 2 0 0 1.0 0.0 0.0 3.0 
3 0 0 0 0 2 0.0 0.0 1.0 1.0 
3 0 0 0 1 1 0.0 1.0 0.0 2.0 
3 0 0 0 2 0 0.0 1.0 0.0 1.0 
3 0 0 1 0 1 1.0 0.0 0.0 2.0 
3 0 0 1 1 0 1.0 0.0 0.0 2.0 
3 0 0 2 0 0 1.0 0.0 0.0 1.0 
