tips:state-0-Failure,state-1-Mediate,state-2-Work,last column is the number of combinations of the condition
0 0 0 0 0 3 0 0 0 0 0 2 0.0 0.0 0.0 0.0 0.0 1.0 1.0 
0 0 0 0 0 3 0 0 0 0 1 1 0.0 0.0 0.0 0.0 0.0 1.0 2.0 
0 0 0 0 0 3 0 0 0 0 2 0 0.0 0.0 0.0 0.0 0.0 1.0 1.0 
0 0 0 0 0 3 0 0 0 1 0 1 0.0 0.0 0.0 0.0 0.0 1.0 2.0 
0 0 0 0 0 3 0 0 0 1 1 0 0.0 0.0 0.0 0.0 0.0 1.0 2.0 
0 0 0 0 0 3 0 0 0 2 0 0 0.0 0.0 0.0 0.0 0.0 1.0 1.0 
0 0 0 0 0 3 0 0 1 0 0 1 0.0 0.0 0.0 0.0 0.0 1.0 2.0 
0 0 0 0 0 3 0 0 1 0 1 0 0.0 0.0 0.0 0.0 0.0 1.0 2.0 
0 0 0 0 0 3 0 0 1 1 0 0 0.0 0.0 0.0 0.0 0.0 1.0 2.0 
0 0 0 0 0 3 0 0 2 0 0 0 0.0 0.0 0.0 0.0 0.0 1.0 1.0 
0 0 0 0 0 3 0 1 0 0 0 1 0.0 0.0 0.0 0.0 0.0 1.0 2.0 
0 0 0 0 0 3 0 1 0 0 1 0 0.0 0.0 0.0 0.0 0.0 1.0 2.0 
0 0 0 0 0 3 0 1 0 1 0 0 0.0 0.0 0.0 0.0 0.0 1.0 2.0 
0 0 0 0 0 3 0 1 1 0 0 0 0.0 0.0 0.0 0.0 0.0 1.0 2.0 
0 0 0 0 0 3 0 2 0 0 0 0 0.0 0.0 0.0 0.0 0.0 1.0 1.0 
0 0 0 0 0 3 1 0 0 0 0 1 0.0 0.0 0.0 0.0 0.0 1.0 2.0 
0 0 0 0 0 3 1 0 0 0 1 0 0.0 0.0 0.0 0.0 0.0 1.0 2.0 
0 0 0 0 0 3 1 0 0 1 0 0 0.0 0.0 0.0 0.0 0.0 1.0 2.0 
0 0 0 0 0 3 1 0 1 0 0 0 0.0 0.0 0.0 0.0 0.0 1.0 2.0 
0 0 0 0 0 3 1 1 0 0 0 0 0.0 0.0 0.0 0.0 0.0 1.0 2.0 
0 0 0 0 0 3 2 0 0 0 0 0 0.0 0.0 0.0 0.0 0.0 1.0 1.0 
0 0 0 0 1 2 0 0 0 0 0 2 0.0 0.0 0.0 0.0 0.0 1.0 3.0 
0 0 0 0 1 2 0 0 0 0 1 1 0.0 0.0 0.0 0.0 0.33333334 0.6666667 6.0 
0 0 0 0 1 2 0 0 0 0 2 0 0.0 0.0 0.0 0.0 0.6666667 0.33333334 3.0 
0 0 0 0 1 2 0 0 0 1 0 1 0.0 0.0 0.0 0.0 0.33333334 0.6666667 6.0 
0 0 0 0 1 2 0 0 0 1 1 0 0.0 0.0 0.0 0.0 0.6666667 0.33333334 6.0 
0 0 0 0 1 2 0 0 0 2 0 0 0.0 0.0 0.0 0.0 0.6666667 0.33333334 3.0 
0 0 0 0 1 2 0 0 1 0 0 1 0.0 0.0 0.0 0.0 0.33333334 0.6666667 6.0 
0 0 0 0 1 2 0 0 1 0 1 0 0.0 0.0 0.0 0.0 0.6666667 0.33333334 6.0 
0 0 0 0 1 2 0 0 1 1 0 0 0.0 0.0 0.0 0.0 0.6666667 0.33333334 6.0 
0 0 0 0 1 2 0 0 2 0 0 0 0.0 0.0 0.0 0.0 0.6666667 0.33333334 3.0 
0 0 0 0 1 2 0 1 0 0 0 1 0.0 0.0 0.0 0.0 0.33333334 0.6666667 6.0 
0 0 0 0 1 2 0 1 0 0 1 0 0.0 0.0 0.0 0.0 0.6666667 0.33333334 6.0 
0 0 0 0 1 2 0 1 0 1 0 0 0.0 0.0 0.0 0.0 0.6666667 0.33333334 6.0 
0 0 0 0 1 2 0 1 1 0 0 0 0.0 0.0 0.0 0.0 0.6666667 0.33333334 6.0 
0 0 0 0 1 2 0 2 0 0 0 0 0.0 0.0 0.0 0.0 0.6666667 0.33333334 3.0 
0 0 0 0 1 2 1 0 0 0 0 1 0.0 0.0 0.0 0.0 0.33333334 0.6666667 6.0 
0 0 0 0 1 2 1 0 0 0 1 0 0.0 0.0 0.0 0.0 0.6666667 0.33333334 6.0 
0 0 0 0 1 2 1 0 0 1 0 0 0.0 0.0 0.0 0.0 0.6666667 0.33333334 6.0 
0 0 0 0 1 2 1 0 1 0 0 0 0.0 0.0 0.0 0.0 0.6666667 0.33333334 6.0 
0 0 0 0 1 2 1 1 0 0 0 0 0.0 0.0 0.0 0.0 0.6666667 0.33333334 6.0 
0 0 0 0 1 2 2 0 0 0 0 0 0.0 0.0 0.0 0.0 0.6666667 0.33333334 3.0 
0 0 0 0 2 1 0 0 0 0 0 2 0.0 0.0 0.0 0.0 0.0 1.0 3.0 
0 0 0 0 2 1 0 0 0 0 1 1 0.0 0.0 0.0 0.0 1.0 0.0 6.0 
0 0 0 0 2 1 0 0 0 0 2 0 0.0 0.0 0.0 0.33333334 0.6666667 0.0 3.0 
0 0 0 0 2 1 0 0 0 1 0 1 0.0 0.0 0.0 0.0 1.0 0.0 6.0 
0 0 0 0 2 1 0 0 0 1 1 0 0.0 0.0 0.0 0.33333334 0.6666667 0.0 6.0 
0 0 0 0 2 1 0 0 0 2 0 0 0.0 0.0 0.0 0.33333334 0.6666667 0.0 3.0 
0 0 0 0 2 1 0 0 1 0 0 1 0.0 0.0 0.0 0.0 1.0 0.0 6.0 
0 0 0 0 2 1 0 0 1 0 1 0 0.0 0.0 0.0 0.33333334 0.6666667 0.0 6.0 
0 0 0 0 2 1 0 0 1 1 0 0 0.0 0.0 0.0 0.33333334 0.6666667 0.0 6.0 
0 0 0 0 2 1 0 0 2 0 0 0 0.0 0.0 0.0 0.33333334 0.6666667 0.0 3.0 
0 0 0 0 2 1 0 1 0 0 0 1 0.0 0.0 0.0 0.0 1.0 0.0 6.0 
0 0 0 0 2 1 0 1 0 0 1 0 0.0 0.0 0.0 0.33333334 0.6666667 0.0 6.0 
0 0 0 0 2 1 0 1 0 1 0 0 0.0 0.0 0.0 0.33333334 0.6666667 0.0 6.0 
0 0 0 0 2 1 0 1 1 0 0 0 0.0 0.0 0.0 0.33333334 0.6666667 0.0 6.0 
0 0 0 0 2 1 0 2 0 0 0 0 0.0 0.0 0.0 0.33333334 0.6666667 0.0 3.0 
0 0 0 0 2 1 1 0 0 0 0 1 0.0 0.0 0.0 0.0 1.0 0.0 6.0 
0 0 0 0 2 1 1 0 0 0 1 0 0.0 0.0 0.0 0.33333334 0.6666667 0.0 6.0 
0 0 0 0 2 1 1 0 0 1 0 0 0.0 0.0 0.0 0.33333334 0.6666667 0.0 6.0 
0 0 0 0 2 1 1 0 1 0 0 0 0.0 0.0 0.0 0.33333334 0.6666667 0.0 6.0 
0 0 0 0 2 1 1 1 0 0 0 0 0.0 0.0 0.0 0.33333334 0.6666667 0.0 6.0 
0 0 0 0 2 1 2 0 0 0 0 0 0.0 0.0 0.0 0.33333334 0.6666667 0.0 3.0 
0 0 0 0 3 0 0 0 0 0 0 2 0.0 0.0 0.0 0.0 0.0 1.0 1.0 
0 0 0 0 3 0 0 0 0 0 1 1 0.0 0.0 0.0 0.0 1.0 0.0 2.0 
0 0 0 0 3 0 0 0 0 0 2 0 0.0 0.0 0.0 1.0 0.0 0.0 1.0 
0 0 0 0 3 0 0 0 0 1 0 1 0.0 0.0 0.0 1.0 0.0 0.0 2.0 
0 0 0 0 3 0 0 0 0 1 1 0 0.0 0.0 0.0 1.0 0.0 0.0 2.0 
0 0 0 0 3 0 0 0 0 2 0 0 0.0 0.0 0.0 1.0 0.0 0.0 1.0 
0 0 0 0 3 0 0 0 1 0 0 1 0.0 0.0 0.0 1.0 0.0 0.0 2.0 
0 0 0 0 3 0 0 0 1 0 1 0 0.0 0.0 0.0 1.0 0.0 0.0 2.0 
0 0 0 0 3 0 0 0 1 1 0 0 0.0 0.0 0.0 1.0 0.0 0.0 2.0 
0 0 0 0 3 0 0 0 2 0 0 0 0.0 0.0 0.0 1.0 0.0 0.0 1.0 
0 0 0 0 3 0 0 1 0 0 0 1 0.0 0.0 0.0 1.0 0.0 0.0 2.0 
0 0 0 0 3 0 0 1 0 0 1 0 0.0 0.0 0.0 1.0 0.0 0.0 2.0 
0 0 0 0 3 0 0 1 0 1 0 0 0.0 0.0 0.0 1.0 0.0 0.0 2.0 
0 0 0 0 3 0 0 1 1 0 0 0 0.0 0.0 0.0 1.0 0.0 0.0 2.0 
0 0 0 0 3 0 0 2 0 0 0 0 0.0 0.0 0.0 1.0 0.0 0.0 1.0 
0 0 0 0 3 0 1 0 0 0 0 1 0.0 0.0 0.0 1.0 0.0 0.0 2.0 
0 0 0 0 3 0 1 0 0 0 1 0 0.0 0.0 0.0 1.0 0.0 0.0 2.0 
0 0 0 0 3 0 1 0 0 1 0 0 0.0 0.0 0.0 1.0 0.0 0.0 2.0 
0 0 0 0 3 0 1 0 1 0 0 0 0.0 0.0 0.0 1.0 0.0 0.0 2.0 
0 0 0 0 3 0 1 1 0 0 0 0 0.0 0.0 0.0 1.0 0.0 0.0 2.0 
0 0 0 0 3 0 2 0 0 0 0 0 0.0 0.0 0.0 1.0 0.0 0.0 1.0 
0 0 0 1 0 2 0 0 0 0 0 2 0.0 0.0 0.0 0.0 0.0 1.0 3.0 
0 0 0 1 0 2 0 0 0 0 1 1 0.0 0.0 0.0 0.0 0.33333334 0.6666667 6.0 
0 0 0 1 0 2 0 0 0 0 2 0 0.0 0.0 0.0 0.0 0.6666667 0.33333334 3.0 
0 0 0 1 0 2 0 0 0 1 0 1 0.0 0.0 0.0 0.33333334 0.0 0.6666667 6.0 
0 0 0 1 0 2 0 0 0 1 1 0 0.0 0.0 0.0 0.33333334 0.33333334 0.33333334 6.0 
0 0 0 1 0 2 0 0 0 2 0 0 0.0 0.0 0.0 0.6666667 0.0 0.33333334 3.0 
0 0 0 1 0 2 0 0 1 0 0 1 0.0 0.0 0.0 0.33333334 0.0 0.6666667 6.0 
0 0 0 1 0 2 0 0 1 0 1 0 0.0 0.0 0.0 0.33333334 0.33333334 0.33333334 6.0 
0 0 0 1 0 2 0 0 1 1 0 0 0.0 0.0 0.0 0.6666667 0.0 0.33333334 6.0 
0 0 0 1 0 2 0 0 2 0 0 0 0.0 0.0 0.0 0.6666667 0.0 0.33333334 3.0 
0 0 0 1 0 2 0 1 0 0 0 1 0.0 0.0 0.0 0.33333334 0.0 0.6666667 6.0 
0 0 0 1 0 2 0 1 0 0 1 0 0.0 0.0 0.0 0.33333334 0.33333334 0.33333334 6.0 
0 0 0 1 0 2 0 1 0 1 0 0 0.0 0.0 0.0 0.6666667 0.0 0.33333334 6.0 
0 0 0 1 0 2 0 1 1 0 0 0 0.0 0.0 0.0 0.6666667 0.0 0.33333334 6.0 
0 0 0 1 0 2 0 2 0 0 0 0 0.0 0.0 0.0 0.6666667 0.0 0.33333334 3.0 
0 0 0 1 0 2 1 0 0 0 0 1 0.0 0.0 0.0 0.33333334 0.0 0.6666667 6.0 
0 0 0 1 0 2 1 0 0 0 1 0 0.0 0.0 0.0 0.33333334 0.33333334 0.33333334 6.0 
0 0 0 1 0 2 1 0 0 1 0 0 0.0 0.0 0.0 0.6666667 0.0 0.33333334 6.0 
0 0 0 1 0 2 1 0 1 0 0 0 0.0 0.0 0.0 0.6666667 0.0 0.33333334 6.0 
0 0 0 1 0 2 1 1 0 0 0 0 0.0 0.0 0.0 0.6666667 0.0 0.33333334 6.0 
0 0 0 1 0 2 2 0 0 0 0 0 0.0 0.0 0.0 0.6666667 0.0 0.33333334 3.0 
0 0 0 1 1 1 0 0 0 0 0 2 0.0 0.0 0.0 0.0 0.0 1.0 6.0 
0 0 0 1 1 1 0 0 0 0 1 1 0.0 0.0 0.0 0.0 1.0 0.0 12.0 
0 0 0 1 1 1 0 0 0 0 2 0 0.0 0.0 0.0 0.6666667 0.33333334 0.0 6.0 
0 0 0 1 1 1 0 0 0 1 0 1 0.0 0.0 0.0 0.33333334 0.6666667 0.0 12.0 
0 0 0 1 1 1 0 0 0 1 1 0 0.0 0.0 0.16666667 0.5 0.33333334 0.0 12.0 
0 0 0 1 1 1 0 0 0 2 0 0 0.0 0.0 0.33333334 0.33333334 0.33333334 0.0 6.0 
0 0 0 1 1 1 0 0 1 0 0 1 0.0 0.0 0.0 0.33333334 0.6666667 0.0 12.0 
0 0 0 1 1 1 0 0 1 0 1 0 0.0 0.0 0.16666667 0.5 0.33333334 0.0 12.0 
0 0 0 1 1 1 0 0 1 1 0 0 0.0 0.0 0.33333334 0.33333334 0.33333334 0.0 12.0 
0 0 0 1 1 1 0 0 2 0 0 0 0.0 0.0 0.33333334 0.33333334 0.33333334 0.0 6.0 
0 0 0 1 1 1 0 1 0 0 0 1 0.0 0.0 0.0 0.33333334 0.6666667 0.0 12.0 
0 0 0 1 1 1 0 1 0 0 1 0 0.0 0.0 0.16666667 0.5 0.33333334 0.0 12.0 
0 0 0 1 1 1 0 1 0 1 0 0 0.0 0.0 0.33333334 0.33333334 0.33333334 0.0 12.0 
0 0 0 1 1 1 0 1 1 0 0 0 0.0 0.0 0.33333334 0.33333334 0.33333334 0.0 12.0 
0 0 0 1 1 1 0 2 0 0 0 0 0.0 0.0 0.33333334 0.33333334 0.33333334 0.0 6.0 
0 0 0 1 1 1 1 0 0 0 0 1 0.0 0.0 0.0 0.33333334 0.6666667 0.0 12.0 
0 0 0 1 1 1 1 0 0 0 1 0 0.0 0.0 0.16666667 0.5 0.33333334 0.0 12.0 
0 0 0 1 1 1 1 0 0 1 0 0 0.0 0.0 0.33333334 0.33333334 0.33333334 0.0 12.0 
0 0 0 1 1 1 1 0 1 0 0 0 0.0 0.0 0.33333334 0.33333334 0.33333334 0.0 12.0 
0 0 0 1 1 1 1 1 0 0 0 0 0.0 0.0 0.33333334 0.33333334 0.33333334 0.0 12.0 
0 0 0 1 1 1 2 0 0 0 0 0 0.0 0.0 0.33333334 0.33333334 0.33333334 0.0 6.0 
0 0 0 1 2 0 0 0 0 0 0 2 0.0 0.0 0.0 0.0 0.0 1.0 3.0 
0 0 0 1 2 0 0 0 0 0 1 1 0.0 0.0 0.0 0.0 1.0 0.0 6.0 
0 0 0 1 2 0 0 0 0 0 2 0 0.0 0.0 0.0 1.0 0.0 0.0 3.0 
0 0 0 1 2 0 0 0 0 1 0 1 0.0 0.0 0.0 1.0 0.0 0.0 6.0 
0 0 0 1 2 0 0 0 0 1 1 0 0.0 0.0 0.33333334 0.6666667 0.0 0.0 6.0 
0 0 0 1 2 0 0 0 0 2 0 0 0.0 0.0 0.6666667 0.33333334 0.0 0.0 3.0 
0 0 0 1 2 0 0 0 1 0 0 1 0.0 0.0 0.33333334 0.6666667 0.0 0.0 6.0 
0 0 0 1 2 0 0 0 1 0 1 0 0.0 0.0 0.33333334 0.6666667 0.0 0.0 6.0 
0 0 0 1 2 0 0 0 1 1 0 0 0.0 0.0 0.6666667 0.33333334 0.0 0.0 6.0 
0 0 0 1 2 0 0 0 2 0 0 0 0.0 0.0 0.6666667 0.33333334 0.0 0.0 3.0 
0 0 0 1 2 0 0 1 0 0 0 1 0.0 0.0 0.33333334 0.6666667 0.0 0.0 6.0 
0 0 0 1 2 0 0 1 0 0 1 0 0.0 0.0 0.33333334 0.6666667 0.0 0.0 6.0 
0 0 0 1 2 0 0 1 0 1 0 0 0.0 0.0 0.6666667 0.33333334 0.0 0.0 6.0 
0 0 0 1 2 0 0 1 1 0 0 0 0.0 0.0 0.6666667 0.33333334 0.0 0.0 6.0 
0 0 0 1 2 0 0 2 0 0 0 0 0.0 0.0 0.6666667 0.33333334 0.0 0.0 3.0 
0 0 0 1 2 0 1 0 0 0 0 1 0.0 0.0 0.33333334 0.6666667 0.0 0.0 6.0 
0 0 0 1 2 0 1 0 0 0 1 0 0.0 0.0 0.33333334 0.6666667 0.0 0.0 6.0 
0 0 0 1 2 0 1 0 0 1 0 0 0.0 0.0 0.6666667 0.33333334 0.0 0.0 6.0 
0 0 0 1 2 0 1 0 1 0 0 0 0.0 0.0 0.6666667 0.33333334 0.0 0.0 6.0 
0 0 0 1 2 0 1 1 0 0 0 0 0.0 0.0 0.6666667 0.33333334 0.0 0.0 6.0 
0 0 0 1 2 0 2 0 0 0 0 0 0.0 0.0 0.6666667 0.33333334 0.0 0.0 3.0 
0 0 0 2 0 1 0 0 0 0 0 2 0.0 0.0 0.0 0.0 0.0 1.0 3.0 
0 0 0 2 0 1 0 0 0 0 1 1 0.0 0.0 0.0 0.0 1.0 0.0 6.0 
0 0 0 2 0 1 0 0 0 0 2 0 0.0 0.0 0.0 1.0 0.0 0.0 3.0 
0 0 0 2 0 1 0 0 0 1 0 1 0.0 0.0 0.0 1.0 0.0 0.0 6.0 
0 0 0 2 0 1 0 0 0 1 1 0 0.0 0.0 0.33333334 0.6666667 0.0 0.0 6.0 
0 0 0 2 0 1 0 0 0 2 0 0 0.0 0.0 0.33333334 0.6666667 0.0 0.0 3.0 
0 0 0 2 0 1 0 0 1 0 0 1 0.0 0.0 0.0 1.0 0.0 0.0 6.0 
0 0 0 2 0 1 0 0 1 0 1 0 0.0 0.0 0.33333334 0.6666667 0.0 0.0 6.0 
0 0 0 2 0 1 0 0 1 1 0 0 0.0 0.0 0.33333334 0.6666667 0.0 0.0 6.0 
0 0 0 2 0 1 0 0 2 0 0 0 0.0 0.0 0.33333334 0.6666667 0.0 0.0 3.0 
0 0 0 2 0 1 0 1 0 0 0 1 0.0 0.0 0.0 1.0 0.0 0.0 6.0 
0 0 0 2 0 1 0 1 0 0 1 0 0.0 0.0 0.33333334 0.6666667 0.0 0.0 6.0 
0 0 0 2 0 1 0 1 0 1 0 0 0.0 0.0 0.33333334 0.6666667 0.0 0.0 6.0 
0 0 0 2 0 1 0 1 1 0 0 0 0.0 0.0 0.33333334 0.6666667 0.0 0.0 6.0 
0 0 0 2 0 1 0 2 0 0 0 0 0.0 0.0 0.33333334 0.6666667 0.0 0.0 3.0 
0 0 0 2 0 1 1 0 0 0 0 1 0.0 0.0 0.0 1.0 0.0 0.0 6.0 
0 0 0 2 0 1 1 0 0 0 1 0 0.0 0.0 0.33333334 0.6666667 0.0 0.0 6.0 
0 0 0 2 0 1 1 0 0 1 0 0 0.0 0.0 0.33333334 0.6666667 0.0 0.0 6.0 
0 0 0 2 0 1 1 0 1 0 0 0 0.0 0.0 0.33333334 0.6666667 0.0 0.0 6.0 
0 0 0 2 0 1 1 1 0 0 0 0 0.0 0.0 0.33333334 0.6666667 0.0 0.0 6.0 
0 0 0 2 0 1 2 0 0 0 0 0 0.0 0.0 0.33333334 0.6666667 0.0 0.0 3.0 
0 0 0 2 1 0 0 0 0 0 0 2 0.0 0.0 0.0 0.0 0.0 1.0 3.0 
0 0 0 2 1 0 0 0 0 0 1 1 0.0 0.0 0.0 0.0 1.0 0.0 6.0 
0 0 0 2 1 0 0 0 0 0 2 0 0.0 0.0 0.0 1.0 0.0 0.0 3.0 
0 0 0 2 1 0 0 0 0 1 0 1 0.0 0.0 0.0 1.0 0.0 0.0 6.0 
0 0 0 2 1 0 0 0 0 1 1 0 0.0 0.0 1.0 0.0 0.0 0.0 6.0 
0 0 0 2 1 0 0 0 0 2 0 0 0.0 0.0 1.0 0.0 0.0 0.0 3.0 
0 0 0 2 1 0 0 0 1 0 0 1 0.0 0.0 1.0 0.0 0.0 0.0 6.0 
0 0 0 2 1 0 0 0 1 0 1 0 0.0 0.0 1.0 0.0 0.0 0.0 6.0 
0 0 0 2 1 0 0 0 1 1 0 0 0.0 0.0 1.0 0.0 0.0 0.0 6.0 
0 0 0 2 1 0 0 0 2 0 0 0 0.0 0.0 1.0 0.0 0.0 0.0 3.0 
0 0 0 2 1 0 0 1 0 0 0 1 0.0 0.0 1.0 0.0 0.0 0.0 6.0 
0 0 0 2 1 0 0 1 0 0 1 0 0.0 0.0 1.0 0.0 0.0 0.0 6.0 
0 0 0 2 1 0 0 1 0 1 0 0 0.0 0.0 1.0 0.0 0.0 0.0 6.0 
0 0 0 2 1 0 0 1 1 0 0 0 0.0 0.0 1.0 0.0 0.0 0.0 6.0 
0 0 0 2 1 0 0 2 0 0 0 0 0.0 0.0 1.0 0.0 0.0 0.0 3.0 
0 0 0 2 1 0 1 0 0 0 0 1 0.0 0.0 1.0 0.0 0.0 0.0 6.0 
0 0 0 2 1 0 1 0 0 0 1 0 0.0 0.0 1.0 0.0 0.0 0.0 6.0 
0 0 0 2 1 0 1 0 0 1 0 0 0.0 0.0 1.0 0.0 0.0 0.0 6.0 
0 0 0 2 1 0 1 0 1 0 0 0 0.0 0.0 1.0 0.0 0.0 0.0 6.0 
0 0 0 2 1 0 1 1 0 0 0 0 0.0 0.0 1.0 0.0 0.0 0.0 6.0 
0 0 0 2 1 0 2 0 0 0 0 0 0.0 0.0 1.0 0.0 0.0 0.0 3.0 
0 0 0 3 0 0 0 0 0 0 0 2 0.0 0.0 0.0 0.0 0.0 1.0 1.0 
0 0 0 3 0 0 0 0 0 0 1 1 0.0 0.0 0.0 0.0 1.0 0.0 2.0 
0 0 0 3 0 0 0 0 0 0 2 0 0.0 0.0 0.0 1.0 0.0 0.0 1.0 
0 0 0 3 0 0 0 0 0 1 0 1 0.0 0.0 0.0 1.0 0.0 0.0 2.0 
0 0 0 3 0 0 0 0 0 1 1 0 0.0 0.0 1.0 0.0 0.0 0.0 2.0 
0 0 0 3 0 0 0 0 0 2 0 0 0.0 0.0 1.0 0.0 0.0 0.0 1.0 
0 0 0 3 0 0 0 0 1 0 0 1 0.0 0.0 1.0 0.0 0.0 0.0 2.0 
0 0 0 3 0 0 0 0 1 0 1 0 0.0 0.0 1.0 0.0 0.0 0.0 2.0 
0 0 0 3 0 0 0 0 1 1 0 0 0.0 0.0 1.0 0.0 0.0 0.0 2.0 
0 0 0 3 0 0 0 0 2 0 0 0 0.0 0.0 1.0 0.0 0.0 0.0 1.0 
0 0 0 3 0 0 0 1 0 0 0 1 0.0 0.0 1.0 0.0 0.0 0.0 2.0 
0 0 0 3 0 0 0 1 0 0 1 0 0.0 0.0 1.0 0.0 0.0 0.0 2.0 
0 0 0 3 0 0 0 1 0 1 0 0 0.0 0.0 1.0 0.0 0.0 0.0 2.0 
0 0 0 3 0 0 0 1 1 0 0 0 0.0 0.0 1.0 0.0 0.0 0.0 2.0 
0 0 0 3 0 0 0 2 0 0 0 0 0.0 0.0 1.0 0.0 0.0 0.0 1.0 
0 0 0 3 0 0 1 0 0 0 0 1 0.0 0.0 1.0 0.0 0.0 0.0 2.0 
0 0 0 3 0 0 1 0 0 0 1 0 0.0 0.0 1.0 0.0 0.0 0.0 2.0 
0 0 0 3 0 0 1 0 0 1 0 0 0.0 0.0 1.0 0.0 0.0 0.0 2.0 
0 0 0 3 0 0 1 0 1 0 0 0 0.0 0.0 1.0 0.0 0.0 0.0 2.0 
0 0 0 3 0 0 1 1 0 0 0 0 0.0 0.0 1.0 0.0 0.0 0.0 2.0 
0 0 0 3 0 0 2 0 0 0 0 0 0.0 0.0 1.0 0.0 0.0 0.0 1.0 
0 0 1 0 0 2 0 0 0 0 0 2 0.0 0.0 0.0 0.0 0.0 1.0 3.0 
0 0 1 0 0 2 0 0 0 0 1 1 0.0 0.0 0.0 0.0 0.33333334 0.6666667 6.0 
0 0 1 0 0 2 0 0 0 0 2 0 0.0 0.0 0.0 0.0 0.6666667 0.33333334 3.0 
0 0 1 0 0 2 0 0 0 1 0 1 0.0 0.0 0.0 0.33333334 0.0 0.6666667 6.0 
0 0 1 0 0 2 0 0 0 1 1 0 0.0 0.0 0.0 0.33333334 0.33333334 0.33333334 6.0 
0 0 1 0 0 2 0 0 0 2 0 0 0.0 0.0 0.0 0.6666667 0.0 0.33333334 3.0 
0 0 1 0 0 2 0 0 1 0 0 1 0.0 0.0 0.33333334 0.0 0.0 0.6666667 6.0 
0 0 1 0 0 2 0 0 1 0 1 0 0.0 0.0 0.33333334 0.0 0.33333334 0.33333334 6.0 
0 0 1 0 0 2 0 0 1 1 0 0 0.0 0.0 0.33333334 0.33333334 0.0 0.33333334 6.0 
0 0 1 0 0 2 0 0 2 0 0 0 0.0 0.0 0.6666667 0.0 0.0 0.33333334 3.0 
0 0 1 0 0 2 0 1 0 0 0 1 0.0 0.0 0.33333334 0.0 0.0 0.6666667 6.0 
0 0 1 0 0 2 0 1 0 0 1 0 0.0 0.0 0.33333334 0.0 0.33333334 0.33333334 6.0 
0 0 1 0 0 2 0 1 0 1 0 0 0.0 0.0 0.33333334 0.33333334 0.0 0.33333334 6.0 
0 0 1 0 0 2 0 1 1 0 0 0 0.0 0.0 0.6666667 0.0 0.0 0.33333334 6.0 
0 0 1 0 0 2 0 2 0 0 0 0 0.0 0.0 0.6666667 0.0 0.0 0.33333334 3.0 
0 0 1 0 0 2 1 0 0 0 0 1 0.0 0.0 0.33333334 0.0 0.0 0.6666667 6.0 
0 0 1 0 0 2 1 0 0 0 1 0 0.0 0.0 0.33333334 0.0 0.33333334 0.33333334 6.0 
0 0 1 0 0 2 1 0 0 1 0 0 0.0 0.0 0.33333334 0.33333334 0.0 0.33333334 6.0 
0 0 1 0 0 2 1 0 1 0 0 0 0.0 0.0 0.6666667 0.0 0.0 0.33333334 6.0 
0 0 1 0 0 2 1 1 0 0 0 0 0.0 0.0 0.6666667 0.0 0.0 0.33333334 6.0 
0 0 1 0 0 2 2 0 0 0 0 0 0.0 0.0 0.6666667 0.0 0.0 0.33333334 3.0 
0 0 1 0 1 1 0 0 0 0 0 2 0.0 0.0 0.0 0.0 0.0 1.0 6.0 
0 0 1 0 1 1 0 0 0 0 1 1 0.0 0.0 0.0 0.0 1.0 0.0 12.0 
0 0 1 0 1 1 0 0 0 0 2 0 0.0 0.0 0.0 0.6666667 0.33333334 0.0 6.0 
0 0 1 0 1 1 0 0 0 1 0 1 0.0 0.0 0.0 0.33333334 0.6666667 0.0 12.0 
0 0 1 0 1 1 0 0 0 1 1 0 0.0 0.0 0.33333334 0.33333334 0.33333334 0.0 12.0 
0 0 1 0 1 1 0 0 0 2 0 0 0.0 0.0 0.6666667 0.0 0.33333334 0.0 6.0 
0 0 1 0 1 1 0 0 1 0 0 1 0.0 0.0 0.33333334 0.0 0.6666667 0.0 12.0 
0 0 1 0 1 1 0 0 1 0 1 0 0.0 0.0 0.33333334 0.33333334 0.33333334 0.0 12.0 
0 0 1 0 1 1 0 0 1 1 0 0 0.0 0.0 0.6666667 0.0 0.33333334 0.0 12.0 
0 0 1 0 1 1 0 0 2 0 0 0 0.0 0.0 0.6666667 0.0 0.33333334 0.0 6.0 
0 0 1 0 1 1 0 1 0 0 0 1 0.0 0.0 0.33333334 0.0 0.6666667 0.0 12.0 
0 0 1 0 1 1 0 1 0 0 1 0 0.0 0.0 0.33333334 0.33333334 0.33333334 0.0 12.0 
0 0 1 0 1 1 0 1 0 1 0 0 0.0 0.0 0.6666667 0.0 0.33333334 0.0 12.0 
0 0 1 0 1 1 0 1 1 0 0 0 0.0 0.0 0.6666667 0.0 0.33333334 0.0 12.0 
0 0 1 0 1 1 0 2 0 0 0 0 0.0 0.0 0.6666667 0.0 0.33333334 0.0 6.0 
0 0 1 0 1 1 1 0 0 0 0 1 0.0 0.0 0.33333334 0.0 0.6666667 0.0 12.0 
0 0 1 0 1 1 1 0 0 0 1 0 0.0 0.0 0.33333334 0.33333334 0.33333334 0.0 12.0 
0 0 1 0 1 1 1 0 0 1 0 0 0.0 0.0 0.6666667 0.0 0.33333334 0.0 12.0 
0 0 1 0 1 1 1 0 1 0 0 0 0.0 0.0 0.6666667 0.0 0.33333334 0.0 12.0 
0 0 1 0 1 1 1 1 0 0 0 0 0.0 0.0 0.6666667 0.0 0.33333334 0.0 12.0 
0 0 1 0 1 1 2 0 0 0 0 0 0.0 0.0 0.6666667 0.0 0.33333334 0.0 6.0 
0 0 1 0 2 0 0 0 0 0 0 2 0.0 0.0 0.0 0.0 0.0 1.0 3.0 
0 0 1 0 2 0 0 0 0 0 1 1 0.0 0.0 0.0 0.0 1.0 0.0 6.0 
0 0 1 0 2 0 0 0 0 0 2 0 0.0 0.0 0.0 1.0 0.0 0.0 3.0 
0 0 1 0 2 0 0 0 0 1 0 1 0.0 0.0 0.0 1.0 0.0 0.0 6.0 
0 0 1 0 2 0 0 0 0 1 1 0 0.0 0.0 0.33333334 0.6666667 0.0 0.0 6.0 
0 0 1 0 2 0 0 0 0 2 0 0 0.0 0.0 0.6666667 0.33333334 0.0 0.0 3.0 
0 0 1 0 2 0 0 0 1 0 0 1 0.0 0.0 0.33333334 0.6666667 0.0 0.0 6.0 
0 0 1 0 2 0 0 0 1 0 1 0 0.0 0.0 0.33333334 0.6666667 0.0 0.0 6.0 
0 0 1 0 2 0 0 0 1 1 0 0 0.0 0.0 0.6666667 0.33333334 0.0 0.0 6.0 
0 0 1 0 2 0 0 0 2 0 0 0 0.0 0.0 0.6666667 0.33333334 0.0 0.0 3.0 
0 0 1 0 2 0 0 1 0 0 0 1 0.0 0.0 0.33333334 0.6666667 0.0 0.0 6.0 
0 0 1 0 2 0 0 1 0 0 1 0 0.0 0.0 0.33333334 0.6666667 0.0 0.0 6.0 
0 0 1 0 2 0 0 1 0 1 0 0 0.0 0.0 0.6666667 0.33333334 0.0 0.0 6.0 
0 0 1 0 2 0 0 1 1 0 0 0 0.0 0.0 0.6666667 0.33333334 0.0 0.0 6.0 
0 0 1 0 2 0 0 2 0 0 0 0 0.0 0.0 0.6666667 0.33333334 0.0 0.0 3.0 
0 0 1 0 2 0 1 0 0 0 0 1 0.0 0.0 0.33333334 0.6666667 0.0 0.0 6.0 
0 0 1 0 2 0 1 0 0 0 1 0 0.0 0.0 0.33333334 0.6666667 0.0 0.0 6.0 
0 0 1 0 2 0 1 0 0 1 0 0 0.0 0.0 0.6666667 0.33333334 0.0 0.0 6.0 
0 0 1 0 2 0 1 0 1 0 0 0 0.0 0.0 0.6666667 0.33333334 0.0 0.0 6.0 
0 0 1 0 2 0 1 1 0 0 0 0 0.0 0.0 0.6666667 0.33333334 0.0 0.0 6.0 
0 0 1 0 2 0 2 0 0 0 0 0 0.0 0.0 0.6666667 0.33333334 0.0 0.0 3.0 
0 0 1 1 0 1 0 0 0 0 0 2 0.0 0.0 0.0 0.0 0.0 1.0 6.0 
0 0 1 1 0 1 0 0 0 0 1 1 0.0 0.0 0.0 0.0 1.0 0.0 12.0 
0 0 1 1 0 1 0 0 0 0 2 0 0.0 0.0 0.0 1.0 0.0 0.0 6.0 
0 0 1 1 0 1 0 0 0 1 0 1 0.0 0.0 0.0 1.0 0.0 0.0 12.0 
0 0 1 1 0 1 0 0 0 1 1 0 0.0 0.0 0.6666667 0.33333334 0.0 0.0 12.0 
0 0 1 1 0 1 0 0 0 2 0 0 0.0 0.0 0.6666667 0.33333334 0.0 0.0 6.0 
0 0 1 1 0 1 0 0 1 0 0 1 0.0 0.0 0.33333334 0.6666667 0.0 0.0 12.0 
0 0 1 1 0 1 0 0 1 0 1 0 0.0 0.0 0.6666667 0.33333334 0.0 0.0 12.0 
0 0 1 1 0 1 0 0 1 1 0 0 0.0 0.16666667 0.5 0.33333334 0.0 0.0 12.0 
0 0 1 1 0 1 0 0 2 0 0 0 0.0 0.33333334 0.33333334 0.33333334 0.0 0.0 6.0 
0 0 1 1 0 1 0 1 0 0 0 1 0.0 0.0 0.33333334 0.6666667 0.0 0.0 12.0 
0 0 1 1 0 1 0 1 0 0 1 0 0.0 0.0 0.6666667 0.33333334 0.0 0.0 12.0 
0 0 1 1 0 1 0 1 0 1 0 0 0.0 0.16666667 0.5 0.33333334 0.0 0.0 12.0 
0 0 1 1 0 1 0 1 1 0 0 0 0.0 0.33333334 0.33333334 0.33333334 0.0 0.0 12.0 
0 0 1 1 0 1 0 2 0 0 0 0 0.0 0.33333334 0.33333334 0.33333334 0.0 0.0 6.0 
0 0 1 1 0 1 1 0 0 0 0 1 0.0 0.0 0.33333334 0.6666667 0.0 0.0 12.0 
0 0 1 1 0 1 1 0 0 0 1 0 0.0 0.0 0.6666667 0.33333334 0.0 0.0 12.0 
0 0 1 1 0 1 1 0 0 1 0 0 0.0 0.16666667 0.5 0.33333334 0.0 0.0 12.0 
0 0 1 1 0 1 1 0 1 0 0 0 0.0 0.33333334 0.33333334 0.33333334 0.0 0.0 12.0 
0 0 1 1 0 1 1 1 0 0 0 0 0.0 0.33333334 0.33333334 0.33333334 0.0 0.0 12.0 
0 0 1 1 0 1 2 0 0 0 0 0 0.0 0.33333334 0.33333334 0.33333334 0.0 0.0 6.0 
0 0 1 1 1 0 0 0 0 0 0 2 0.0 0.0 0.0 0.0 0.0 1.0 6.0 
0 0 1 1 1 0 0 0 0 0 1 1 0.0 0.0 0.0 0.0 1.0 0.0 12.0 
0 0 1 1 1 0 0 0 0 0 2 0 0.0 0.0 0.0 1.0 0.0 0.0 6.0 
0 0 1 1 1 0 0 0 0 1 0 1 0.0 0.0 0.0 1.0 0.0 0.0 12.0 
0 0 1 1 1 0 0 0 0 1 1 0 0.0 0.0 1.0 0.0 0.0 0.0 12.0 
0 0 1 1 1 0 0 0 0 2 0 0 0.0 0.0 1.0 0.0 0.0 0.0 6.0 
0 0 1 1 1 0 0 0 1 0 0 1 0.0 0.0 1.0 0.0 0.0 0.0 12.0 
0 0 1 1 1 0 0 0 1 0 1 0 0.0 0.0 1.0 0.0 0.0 0.0 12.0 
0 0 1 1 1 0 0 0 1 1 0 0 0.0 0.16666667 0.8333333 0.0 0.0 0.0 12.0 
0 0 1 1 1 0 0 0 2 0 0 0 0.0 0.33333334 0.6666667 0.0 0.0 0.0 6.0 
0 0 1 1 1 0 0 1 0 0 0 1 0.0 0.0 1.0 0.0 0.0 0.0 12.0 
0 0 1 1 1 0 0 1 0 0 1 0 0.0 0.0 1.0 0.0 0.0 0.0 12.0 
0 0 1 1 1 0 0 1 0 1 0 0 0.0 0.16666667 0.8333333 0.0 0.0 0.0 12.0 
0 0 1 1 1 0 0 1 1 0 0 0 0.0 0.33333334 0.6666667 0.0 0.0 0.0 12.0 
0 0 1 1 1 0 0 2 0 0 0 0 0.0 0.33333334 0.6666667 0.0 0.0 0.0 6.0 
0 0 1 1 1 0 1 0 0 0 0 1 0.0 0.0 1.0 0.0 0.0 0.0 12.0 
0 0 1 1 1 0 1 0 0 0 1 0 0.0 0.0 1.0 0.0 0.0 0.0 12.0 
0 0 1 1 1 0 1 0 0 1 0 0 0.0 0.16666667 0.8333333 0.0 0.0 0.0 12.0 
0 0 1 1 1 0 1 0 1 0 0 0 0.0 0.33333334 0.6666667 0.0 0.0 0.0 12.0 
0 0 1 1 1 0 1 1 0 0 0 0 0.0 0.33333334 0.6666667 0.0 0.0 0.0 12.0 
0 0 1 1 1 0 2 0 0 0 0 0 0.0 0.33333334 0.6666667 0.0 0.0 0.0 6.0 
0 0 1 2 0 0 0 0 0 0 0 2 0.0 0.0 0.0 0.0 0.0 1.0 3.0 
0 0 1 2 0 0 0 0 0 0 1 1 0.0 0.0 0.0 0.0 1.0 0.0 6.0 
0 0 1 2 0 0 0 0 0 0 2 0 0.0 0.0 0.0 1.0 0.0 0.0 3.0 
0 0 1 2 0 0 0 0 0 1 0 1 0.0 0.0 0.0 1.0 0.0 0.0 6.0 
0 0 1 2 0 0 0 0 0 1 1 0 0.0 0.0 1.0 0.0 0.0 0.0 6.0 
0 0 1 2 0 0 0 0 0 2 0 0 0.0 0.0 1.0 0.0 0.0 0.0 3.0 
0 0 1 2 0 0 0 0 1 0 0 1 0.0 0.0 1.0 0.0 0.0 0.0 6.0 
0 0 1 2 0 0 0 0 1 0 1 0 0.0 0.0 1.0 0.0 0.0 0.0 6.0 
0 0 1 2 0 0 0 0 1 1 0 0 0.0 0.6666667 0.33333334 0.0 0.0 0.0 6.0 
0 0 1 2 0 0 0 0 2 0 0 0 0.0 0.6666667 0.33333334 0.0 0.0 0.0 3.0 
0 0 1 2 0 0 0 1 0 0 0 1 0.0 0.33333334 0.6666667 0.0 0.0 0.0 6.0 
0 0 1 2 0 0 0 1 0 0 1 0 0.0 0.33333334 0.6666667 0.0 0.0 0.0 6.0 
0 0 1 2 0 0 0 1 0 1 0 0 0.0 0.6666667 0.33333334 0.0 0.0 0.0 6.0 
0 0 1 2 0 0 0 1 1 0 0 0 0.0 0.6666667 0.33333334 0.0 0.0 0.0 6.0 
0 0 1 2 0 0 0 2 0 0 0 0 0.0 0.6666667 0.33333334 0.0 0.0 0.0 3.0 
0 0 1 2 0 0 1 0 0 0 0 1 0.0 0.33333334 0.6666667 0.0 0.0 0.0 6.0 
0 0 1 2 0 0 1 0 0 0 1 0 0.0 0.33333334 0.6666667 0.0 0.0 0.0 6.0 
0 0 1 2 0 0 1 0 0 1 0 0 0.0 0.6666667 0.33333334 0.0 0.0 0.0 6.0 
0 0 1 2 0 0 1 0 1 0 0 0 0.0 0.6666667 0.33333334 0.0 0.0 0.0 6.0 
0 0 1 2 0 0 1 1 0 0 0 0 0.0 0.6666667 0.33333334 0.0 0.0 0.0 6.0 
0 0 1 2 0 0 2 0 0 0 0 0 0.0 0.6666667 0.33333334 0.0 0.0 0.0 3.0 
0 0 2 0 0 1 0 0 0 0 0 2 0.0 0.0 0.0 0.0 0.0 1.0 3.0 
0 0 2 0 0 1 0 0 0 0 1 1 0.0 0.0 0.0 0.0 1.0 0.0 6.0 
0 0 2 0 0 1 0 0 0 0 2 0 0.0 0.0 0.0 1.0 0.0 0.0 3.0 
0 0 2 0 0 1 0 0 0 1 0 1 0.0 0.0 0.0 1.0 0.0 0.0 6.0 
0 0 2 0 0 1 0 0 0 1 1 0 0.0 0.0 1.0 0.0 0.0 0.0 6.0 
0 0 2 0 0 1 0 0 0 2 0 0 0.0 0.0 1.0 0.0 0.0 0.0 3.0 
0 0 2 0 0 1 0 0 1 0 0 1 0.0 0.0 1.0 0.0 0.0 0.0 6.0 
0 0 2 0 0 1 0 0 1 0 1 0 0.0 0.0 1.0 0.0 0.0 0.0 6.0 
0 0 2 0 0 1 0 0 1 1 0 0 0.0 0.33333334 0.6666667 0.0 0.0 0.0 6.0 
0 0 2 0 0 1 0 0 2 0 0 0 0.0 0.33333334 0.6666667 0.0 0.0 0.0 3.0 
0 0 2 0 0 1 0 1 0 0 0 1 0.0 0.0 1.0 0.0 0.0 0.0 6.0 
0 0 2 0 0 1 0 1 0 0 1 0 0.0 0.0 1.0 0.0 0.0 0.0 6.0 
0 0 2 0 0 1 0 1 0 1 0 0 0.0 0.33333334 0.6666667 0.0 0.0 0.0 6.0 
0 0 2 0 0 1 0 1 1 0 0 0 0.0 0.33333334 0.6666667 0.0 0.0 0.0 6.0 
0 0 2 0 0 1 0 2 0 0 0 0 0.0 0.33333334 0.6666667 0.0 0.0 0.0 3.0 
0 0 2 0 0 1 1 0 0 0 0 1 0.0 0.0 1.0 0.0 0.0 0.0 6.0 
0 0 2 0 0 1 1 0 0 0 1 0 0.0 0.0 1.0 0.0 0.0 0.0 6.0 
0 0 2 0 0 1 1 0 0 1 0 0 0.0 0.33333334 0.6666667 0.0 0.0 0.0 6.0 
0 0 2 0 0 1 1 0 1 0 0 0 0.0 0.33333334 0.6666667 0.0 0.0 0.0 6.0 
0 0 2 0 0 1 1 1 0 0 0 0 0.0 0.33333334 0.6666667 0.0 0.0 0.0 6.0 
0 0 2 0 0 1 2 0 0 0 0 0 0.0 0.33333334 0.6666667 0.0 0.0 0.0 3.0 
0 0 2 0 1 0 0 0 0 0 0 2 0.0 0.0 0.0 0.0 0.0 1.0 3.0 
0 0 2 0 1 0 0 0 0 0 1 1 0.0 0.0 0.0 0.0 1.0 0.0 6.0 
0 0 2 0 1 0 0 0 0 0 2 0 0.0 0.0 0.0 1.0 0.0 0.0 3.0 
0 0 2 0 1 0 0 0 0 1 0 1 0.0 0.0 0.0 1.0 0.0 0.0 6.0 
0 0 2 0 1 0 0 0 0 1 1 0 0.0 0.0 1.0 0.0 0.0 0.0 6.0 
0 0 2 0 1 0 0 0 0 2 0 0 0.0 0.0 1.0 0.0 0.0 0.0 3.0 
0 0 2 0 1 0 0 0 1 0 0 1 0.0 0.0 1.0 0.0 0.0 0.0 6.0 
0 0 2 0 1 0 0 0 1 0 1 0 0.0 0.0 1.0 0.0 0.0 0.0 6.0 
0 0 2 0 1 0 0 0 1 1 0 0 0.0 0.33333334 0.6666667 0.0 0.0 0.0 6.0 
0 0 2 0 1 0 0 0 2 0 0 0 0.0 0.33333334 0.6666667 0.0 0.0 0.0 3.0 
0 0 2 0 1 0 0 1 0 0 0 1 0.0 0.0 1.0 0.0 0.0 0.0 6.0 
0 0 2 0 1 0 0 1 0 0 1 0 0.0 0.0 1.0 0.0 0.0 0.0 6.0 
0 0 2 0 1 0 0 1 0 1 0 0 0.0 0.33333334 0.6666667 0.0 0.0 0.0 6.0 
0 0 2 0 1 0 0 1 1 0 0 0 0.0 0.33333334 0.6666667 0.0 0.0 0.0 6.0 
0 0 2 0 1 0 0 2 0 0 0 0 0.0 0.33333334 0.6666667 0.0 0.0 0.0 3.0 
0 0 2 0 1 0 1 0 0 0 0 1 0.0 0.0 1.0 0.0 0.0 0.0 6.0 
0 0 2 0 1 0 1 0 0 0 1 0 0.0 0.0 1.0 0.0 0.0 0.0 6.0 
0 0 2 0 1 0 1 0 0 1 0 0 0.0 0.33333334 0.6666667 0.0 0.0 0.0 6.0 
0 0 2 0 1 0 1 0 1 0 0 0 0.0 0.33333334 0.6666667 0.0 0.0 0.0 6.0 
0 0 2 0 1 0 1 1 0 0 0 0 0.0 0.33333334 0.6666667 0.0 0.0 0.0 6.0 
0 0 2 0 1 0 2 0 0 0 0 0 0.0 0.33333334 0.6666667 0.0 0.0 0.0 3.0 
0 0 2 1 0 0 0 0 0 0 0 2 0.0 0.0 0.0 0.0 0.0 1.0 3.0 
0 0 2 1 0 0 0 0 0 0 1 1 0.0 0.0 0.0 0.0 1.0 0.0 6.0 
0 0 2 1 0 0 0 0 0 0 2 0 0.0 0.0 0.0 1.0 0.0 0.0 3.0 
0 0 2 1 0 0 0 0 0 1 0 1 0.0 0.0 0.0 1.0 0.0 0.0 6.0 
0 0 2 1 0 0 0 0 0 1 1 0 0.0 0.0 1.0 0.0 0.0 0.0 6.0 
0 0 2 1 0 0 0 0 0 2 0 0 0.0 0.0 1.0 0.0 0.0 0.0 3.0 
0 0 2 1 0 0 0 0 1 0 0 1 0.0 0.0 1.0 0.0 0.0 0.0 6.0 
0 0 2 1 0 0 0 0 1 0 1 0 0.0 0.0 1.0 0.0 0.0 0.0 6.0 
0 0 2 1 0 0 0 0 1 1 0 0 0.0 1.0 0.0 0.0 0.0 0.0 6.0 
0 0 2 1 0 0 0 0 2 0 0 0 0.0 1.0 0.0 0.0 0.0 0.0 3.0 
0 0 2 1 0 0 0 1 0 0 0 1 0.0 1.0 0.0 0.0 0.0 0.0 6.0 
0 0 2 1 0 0 0 1 0 0 1 0 0.0 1.0 0.0 0.0 0.0 0.0 6.0 
0 0 2 1 0 0 0 1 0 1 0 0 0.0 1.0 0.0 0.0 0.0 0.0 6.0 
0 0 2 1 0 0 0 1 1 0 0 0 0.0 1.0 0.0 0.0 0.0 0.0 6.0 
0 0 2 1 0 0 0 2 0 0 0 0 0.0 1.0 0.0 0.0 0.0 0.0 3.0 
0 0 2 1 0 0 1 0 0 0 0 1 0.0 1.0 0.0 0.0 0.0 0.0 6.0 
0 0 2 1 0 0 1 0 0 0 1 0 0.0 1.0 0.0 0.0 0.0 0.0 6.0 
0 0 2 1 0 0 1 0 0 1 0 0 0.0 1.0 0.0 0.0 0.0 0.0 6.0 
0 0 2 1 0 0 1 0 1 0 0 0 0.0 1.0 0.0 0.0 0.0 0.0 6.0 
0 0 2 1 0 0 1 1 0 0 0 0 0.0 1.0 0.0 0.0 0.0 0.0 6.0 
0 0 2 1 0 0 2 0 0 0 0 0 0.0 1.0 0.0 0.0 0.0 0.0 3.0 
0 0 3 0 0 0 0 0 0 0 0 2 0.0 0.0 0.0 0.0 0.0 1.0 1.0 
0 0 3 0 0 0 0 0 0 0 1 1 0.0 0.0 0.0 0.0 1.0 0.0 2.0 
0 0 3 0 0 0 0 0 0 0 2 0 0.0 0.0 0.0 1.0 0.0 0.0 1.0 
0 0 3 0 0 0 0 0 0 1 0 1 0.0 0.0 0.0 1.0 0.0 0.0 2.0 
0 0 3 0 0 0 0 0 0 1 1 0 0.0 0.0 1.0 0.0 0.0 0.0 2.0 
0 0 3 0 0 0 0 0 0 2 0 0 0.0 0.0 1.0 0.0 0.0 0.0 1.0 
0 0 3 0 0 0 0 0 1 0 0 1 0.0 0.0 1.0 0.0 0.0 0.0 2.0 
0 0 3 0 0 0 0 0 1 0 1 0 0.0 0.0 1.0 0.0 0.0 0.0 2.0 
0 0 3 0 0 0 0 0 1 1 0 0 0.0 1.0 0.0 0.0 0.0 0.0 2.0 
0 0 3 0 0 0 0 0 2 0 0 0 0.0 1.0 0.0 0.0 0.0 0.0 1.0 
0 0 3 0 0 0 0 1 0 0 0 1 0.0 1.0 0.0 0.0 0.0 0.0 2.0 
0 0 3 0 0 0 0 1 0 0 1 0 0.0 1.0 0.0 0.0 0.0 0.0 2.0 
0 0 3 0 0 0 0 1 0 1 0 0 0.0 1.0 0.0 0.0 0.0 0.0 2.0 
0 0 3 0 0 0 0 1 1 0 0 0 0.0 1.0 0.0 0.0 0.0 0.0 2.0 
0 0 3 0 0 0 0 2 0 0 0 0 0.0 1.0 0.0 0.0 0.0 0.0 1.0 
0 0 3 0 0 0 1 0 0 0 0 1 0.0 1.0 0.0 0.0 0.0 0.0 2.0 
0 0 3 0 0 0 1 0 0 0 1 0 0.0 1.0 0.0 0.0 0.0 0.0 2.0 
0 0 3 0 0 0 1 0 0 1 0 0 0.0 1.0 0.0 0.0 0.0 0.0 2.0 
0 0 3 0 0 0 1 0 1 0 0 0 0.0 1.0 0.0 0.0 0.0 0.0 2.0 
0 0 3 0 0 0 1 1 0 0 0 0 0.0 1.0 0.0 0.0 0.0 0.0 2.0 
0 0 3 0 0 0 2 0 0 0 0 0 0.0 1.0 0.0 0.0 0.0 0.0 1.0 
0 1 0 0 0 2 0 0 0 0 0 2 0.0 0.0 0.0 0.0 0.0 1.0 3.0 
0 1 0 0 0 2 0 0 0 0 1 1 0.0 0.0 0.0 0.0 0.33333334 0.6666667 6.0 
0 1 0 0 0 2 0 0 0 0 2 0 0.0 0.0 0.0 0.0 0.6666667 0.33333334 3.0 
0 1 0 0 0 2 0 0 0 1 0 1 0.0 0.0 0.0 0.33333334 0.0 0.6666667 6.0 
0 1 0 0 0 2 0 0 0 1 1 0 0.0 0.0 0.0 0.33333334 0.33333334 0.33333334 6.0 
0 1 0 0 0 2 0 0 0 2 0 0 0.0 0.0 0.0 0.6666667 0.0 0.33333334 3.0 
0 1 0 0 0 2 0 0 1 0 0 1 0.0 0.0 0.33333334 0.0 0.0 0.6666667 6.0 
0 1 0 0 0 2 0 0 1 0 1 0 0.0 0.0 0.33333334 0.0 0.33333334 0.33333334 6.0 
0 1 0 0 0 2 0 0 1 1 0 0 0.0 0.0 0.33333334 0.33333334 0.0 0.33333334 6.0 
0 1 0 0 0 2 0 0 2 0 0 0 0.0 0.0 0.6666667 0.0 0.0 0.33333334 3.0 
0 1 0 0 0 2 0 1 0 0 0 1 0.0 0.33333334 0.0 0.0 0.0 0.6666667 6.0 
0 1 0 0 0 2 0 1 0 0 1 0 0.0 0.33333334 0.0 0.0 0.33333334 0.33333334 6.0 
0 1 0 0 0 2 0 1 0 1 0 0 0.0 0.33333334 0.0 0.33333334 0.0 0.33333334 6.0 
0 1 0 0 0 2 0 1 1 0 0 0 0.0 0.33333334 0.33333334 0.0 0.0 0.33333334 6.0 
0 1 0 0 0 2 0 2 0 0 0 0 0.0 0.6666667 0.0 0.0 0.0 0.33333334 3.0 
0 1 0 0 0 2 1 0 0 0 0 1 0.0 0.33333334 0.0 0.0 0.0 0.6666667 6.0 
0 1 0 0 0 2 1 0 0 0 1 0 0.0 0.33333334 0.0 0.0 0.33333334 0.33333334 6.0 
0 1 0 0 0 2 1 0 0 1 0 0 0.0 0.33333334 0.0 0.33333334 0.0 0.33333334 6.0 
0 1 0 0 0 2 1 0 1 0 0 0 0.0 0.33333334 0.33333334 0.0 0.0 0.33333334 6.0 
0 1 0 0 0 2 1 1 0 0 0 0 0.0 0.6666667 0.0 0.0 0.0 0.33333334 6.0 
0 1 0 0 0 2 2 0 0 0 0 0 0.0 0.6666667 0.0 0.0 0.0 0.33333334 3.0 
0 1 0 0 1 1 0 0 0 0 0 2 0.0 0.0 0.0 0.0 0.0 1.0 6.0 
0 1 0 0 1 1 0 0 0 0 1 1 0.0 0.0 0.0 0.0 1.0 0.0 12.0 
0 1 0 0 1 1 0 0 0 0 2 0 0.0 0.0 0.0 0.6666667 0.33333334 0.0 6.0 
0 1 0 0 1 1 0 0 0 1 0 1 0.0 0.0 0.0 0.33333334 0.6666667 0.0 12.0 
0 1 0 0 1 1 0 0 0 1 1 0 0.0 0.0 0.33333334 0.33333334 0.33333334 0.0 12.0 
0 1 0 0 1 1 0 0 0 2 0 0 0.0 0.0 0.6666667 0.0 0.33333334 0.0 6.0 
0 1 0 0 1 1 0 0 1 0 0 1 0.0 0.0 0.33333334 0.0 0.6666667 0.0 12.0 
0 1 0 0 1 1 0 0 1 0 1 0 0.0 0.0 0.33333334 0.33333334 0.33333334 0.0 12.0 
0 1 0 0 1 1 0 0 1 1 0 0 0.0 0.0 0.6666667 0.0 0.33333334 0.0 12.0 
0 1 0 0 1 1 0 0 2 0 0 0 0.0 0.0 0.6666667 0.0 0.33333334 0.0 6.0 
0 1 0 0 1 1 0 1 0 0 0 1 0.0 0.33333334 0.0 0.0 0.6666667 0.0 12.0 
0 1 0 0 1 1 0 1 0 0 1 0 0.0 0.33333334 0.0 0.33333334 0.33333334 0.0 12.0 
0 1 0 0 1 1 0 1 0 1 0 0 0.0 0.33333334 0.33333334 0.0 0.33333334 0.0 12.0 
0 1 0 0 1 1 0 1 1 0 0 0 0.0 0.33333334 0.33333334 0.0 0.33333334 0.0 12.0 
0 1 0 0 1 1 0 2 0 0 0 0 0.0 0.6666667 0.0 0.0 0.33333334 0.0 6.0 
0 1 0 0 1 1 1 0 0 0 0 1 0.0 0.33333334 0.0 0.0 0.6666667 0.0 12.0 
0 1 0 0 1 1 1 0 0 0 1 0 0.0 0.33333334 0.0 0.33333334 0.33333334 0.0 12.0 
0 1 0 0 1 1 1 0 0 1 0 0 0.0 0.33333334 0.33333334 0.0 0.33333334 0.0 12.0 
0 1 0 0 1 1 1 0 1 0 0 0 0.0 0.33333334 0.33333334 0.0 0.33333334 0.0 12.0 
0 1 0 0 1 1 1 1 0 0 0 0 0.0 0.6666667 0.0 0.0 0.33333334 0.0 12.0 
0 1 0 0 1 1 2 0 0 0 0 0 0.0 0.6666667 0.0 0.0 0.33333334 0.0 6.0 
0 1 0 0 2 0 0 0 0 0 0 2 0.0 0.0 0.0 0.0 0.0 1.0 3.0 
0 1 0 0 2 0 0 0 0 0 1 1 0.0 0.0 0.0 0.0 1.0 0.0 6.0 
0 1 0 0 2 0 0 0 0 0 2 0 0.0 0.0 0.0 1.0 0.0 0.0 3.0 
0 1 0 0 2 0 0 0 0 1 0 1 0.0 0.0 0.0 1.0 0.0 0.0 6.0 
0 1 0 0 2 0 0 0 0 1 1 0 0.0 0.0 0.33333334 0.6666667 0.0 0.0 6.0 
0 1 0 0 2 0 0 0 0 2 0 0 0.0 0.0 0.6666667 0.33333334 0.0 0.0 3.0 
0 1 0 0 2 0 0 0 1 0 0 1 0.0 0.0 0.33333334 0.6666667 0.0 0.0 6.0 
0 1 0 0 2 0 0 0 1 0 1 0 0.0 0.0 0.33333334 0.6666667 0.0 0.0 6.0 
0 1 0 0 2 0 0 0 1 1 0 0 0.0 0.0 0.6666667 0.33333334 0.0 0.0 6.0 
0 1 0 0 2 0 0 0 2 0 0 0 0.0 0.0 0.6666667 0.33333334 0.0 0.0 3.0 
0 1 0 0 2 0 0 1 0 0 0 1 0.0 0.33333334 0.0 0.6666667 0.0 0.0 6.0 
0 1 0 0 2 0 0 1 0 0 1 0 0.0 0.33333334 0.0 0.6666667 0.0 0.0 6.0 
0 1 0 0 2 0 0 1 0 1 0 0 0.0 0.33333334 0.33333334 0.33333334 0.0 0.0 6.0 
0 1 0 0 2 0 0 1 1 0 0 0 0.0 0.33333334 0.33333334 0.33333334 0.0 0.0 6.0 
0 1 0 0 2 0 0 2 0 0 0 0 0.0 0.6666667 0.0 0.33333334 0.0 0.0 3.0 
0 1 0 0 2 0 1 0 0 0 0 1 0.0 0.33333334 0.0 0.6666667 0.0 0.0 6.0 
0 1 0 0 2 0 1 0 0 0 1 0 0.0 0.33333334 0.0 0.6666667 0.0 0.0 6.0 
0 1 0 0 2 0 1 0 0 1 0 0 0.0 0.33333334 0.33333334 0.33333334 0.0 0.0 6.0 
0 1 0 0 2 0 1 0 1 0 0 0 0.0 0.33333334 0.33333334 0.33333334 0.0 0.0 6.0 
0 1 0 0 2 0 1 1 0 0 0 0 0.0 0.6666667 0.0 0.33333334 0.0 0.0 6.0 
0 1 0 0 2 0 2 0 0 0 0 0 0.0 0.6666667 0.0 0.33333334 0.0 0.0 3.0 
0 1 0 1 0 1 0 0 0 0 0 2 0.0 0.0 0.0 0.0 0.0 1.0 6.0 
0 1 0 1 0 1 0 0 0 0 1 1 0.0 0.0 0.0 0.0 1.0 0.0 12.0 
0 1 0 1 0 1 0 0 0 0 2 0 0.0 0.0 0.0 1.0 0.0 0.0 6.0 
0 1 0 1 0 1 0 0 0 1 0 1 0.0 0.0 0.0 1.0 0.0 0.0 12.0 
0 1 0 1 0 1 0 0 0 1 1 0 0.0 0.0 0.6666667 0.33333334 0.0 0.0 12.0 
0 1 0 1 0 1 0 0 0 2 0 0 0.0 0.0 0.6666667 0.33333334 0.0 0.0 6.0 
0 1 0 1 0 1 0 0 1 0 0 1 0.0 0.0 0.33333334 0.6666667 0.0 0.0 12.0 
0 1 0 1 0 1 0 0 1 0 1 0 0.0 0.0 0.6666667 0.33333334 0.0 0.0 12.0 
0 1 0 1 0 1 0 0 1 1 0 0 0.0 0.33333334 0.33333334 0.33333334 0.0 0.0 12.0 
0 1 0 1 0 1 0 0 2 0 0 0 0.0 0.6666667 0.0 0.33333334 0.0 0.0 6.0 
0 1 0 1 0 1 0 1 0 0 0 1 0.0 0.33333334 0.0 0.6666667 0.0 0.0 12.0 
0 1 0 1 0 1 0 1 0 0 1 0 0.0 0.33333334 0.33333334 0.33333334 0.0 0.0 12.0 
0 1 0 1 0 1 0 1 0 1 0 0 0.0 0.33333334 0.33333334 0.33333334 0.0 0.0 12.0 
0 1 0 1 0 1 0 1 1 0 0 0 0.0 0.6666667 0.0 0.33333334 0.0 0.0 12.0 
0 1 0 1 0 1 0 2 0 0 0 0 0.0 0.6666667 0.0 0.33333334 0.0 0.0 6.0 
0 1 0 1 0 1 1 0 0 0 0 1 0.0 0.33333334 0.0 0.6666667 0.0 0.0 12.0 
0 1 0 1 0 1 1 0 0 0 1 0 0.0 0.33333334 0.33333334 0.33333334 0.0 0.0 12.0 
0 1 0 1 0 1 1 0 0 1 0 0 0.0 0.33333334 0.33333334 0.33333334 0.0 0.0 12.0 
0 1 0 1 0 1 1 0 1 0 0 0 0.0 0.6666667 0.0 0.33333334 0.0 0.0 12.0 
0 1 0 1 0 1 1 1 0 0 0 0 0.0 0.6666667 0.0 0.33333334 0.0 0.0 12.0 
0 1 0 1 0 1 2 0 0 0 0 0 0.0 0.6666667 0.0 0.33333334 0.0 0.0 6.0 
0 1 0 1 1 0 0 0 0 0 0 2 0.0 0.0 0.0 0.0 0.0 1.0 6.0 
0 1 0 1 1 0 0 0 0 0 1 1 0.0 0.0 0.0 0.0 1.0 0.0 12.0 
0 1 0 1 1 0 0 0 0 0 2 0 0.0 0.0 0.0 1.0 0.0 0.0 6.0 
0 1 0 1 1 0 0 0 0 1 0 1 0.0 0.0 0.0 1.0 0.0 0.0 12.0 
0 1 0 1 1 0 0 0 0 1 1 0 0.0 0.0 1.0 0.0 0.0 0.0 12.0 
0 1 0 1 1 0 0 0 0 2 0 0 0.0 0.0 1.0 0.0 0.0 0.0 6.0 
0 1 0 1 1 0 0 0 1 0 0 1 0.0 0.0 1.0 0.0 0.0 0.0 12.0 
0 1 0 1 1 0 0 0 1 0 1 0 0.0 0.0 1.0 0.0 0.0 0.0 12.0 
0 1 0 1 1 0 0 0 1 1 0 0 0.0 0.33333334 0.6666667 0.0 0.0 0.0 12.0 
0 1 0 1 1 0 0 0 2 0 0 0 0.0 0.6666667 0.33333334 0.0 0.0 0.0 6.0 
0 1 0 1 1 0 0 1 0 0 0 1 0.0 0.33333334 0.6666667 0.0 0.0 0.0 12.0 
0 1 0 1 1 0 0 1 0 0 1 0 0.0 0.33333334 0.6666667 0.0 0.0 0.0 12.0 
0 1 0 1 1 0 0 1 0 1 0 0 0.0 0.33333334 0.6666667 0.0 0.0 0.0 12.0 
0 1 0 1 1 0 0 1 1 0 0 0 0.0 0.6666667 0.33333334 0.0 0.0 0.0 12.0 
0 1 0 1 1 0 0 2 0 0 0 0 0.0 0.6666667 0.33333334 0.0 0.0 0.0 6.0 
0 1 0 1 1 0 1 0 0 0 0 1 0.0 0.33333334 0.6666667 0.0 0.0 0.0 12.0 
0 1 0 1 1 0 1 0 0 0 1 0 0.0 0.33333334 0.6666667 0.0 0.0 0.0 12.0 
0 1 0 1 1 0 1 0 0 1 0 0 0.0 0.33333334 0.6666667 0.0 0.0 0.0 12.0 
0 1 0 1 1 0 1 0 1 0 0 0 0.0 0.6666667 0.33333334 0.0 0.0 0.0 12.0 
0 1 0 1 1 0 1 1 0 0 0 0 0.0 0.6666667 0.33333334 0.0 0.0 0.0 12.0 
0 1 0 1 1 0 2 0 0 0 0 0 0.0 0.6666667 0.33333334 0.0 0.0 0.0 6.0 
0 1 0 2 0 0 0 0 0 0 0 2 0.0 0.0 0.0 0.0 0.0 1.0 3.0 
0 1 0 2 0 0 0 0 0 0 1 1 0.0 0.0 0.0 0.0 1.0 0.0 6.0 
0 1 0 2 0 0 0 0 0 0 2 0 0.0 0.0 0.0 1.0 0.0 0.0 3.0 
0 1 0 2 0 0 0 0 0 1 0 1 0.0 0.0 0.0 1.0 0.0 0.0 6.0 
0 1 0 2 0 0 0 0 0 1 1 0 0.0 0.0 1.0 0.0 0.0 0.0 6.0 
0 1 0 2 0 0 0 0 0 2 0 0 0.0 0.0 1.0 0.0 0.0 0.0 3.0 
0 1 0 2 0 0 0 0 1 0 0 1 0.0 0.0 1.0 0.0 0.0 0.0 6.0 
0 1 0 2 0 0 0 0 1 0 1 0 0.0 0.0 1.0 0.0 0.0 0.0 6.0 
0 1 0 2 0 0 0 0 1 1 0 0 0.0 0.6666667 0.33333334 0.0 0.0 0.0 6.0 
0 1 0 2 0 0 0 0 2 0 0 0 0.0 0.6666667 0.33333334 0.0 0.0 0.0 3.0 
0 1 0 2 0 0 0 1 0 0 0 1 0.0 0.33333334 0.6666667 0.0 0.0 0.0 6.0 
0 1 0 2 0 0 0 1 0 0 1 0 0.0 0.33333334 0.6666667 0.0 0.0 0.0 6.0 
0 1 0 2 0 0 0 1 0 1 0 0 0.0 0.6666667 0.33333334 0.0 0.0 0.0 6.0 
0 1 0 2 0 0 0 1 1 0 0 0 0.0 0.6666667 0.33333334 0.0 0.0 0.0 6.0 
0 1 0 2 0 0 0 2 0 0 0 0 0.0 0.6666667 0.33333334 0.0 0.0 0.0 3.0 
0 1 0 2 0 0 1 0 0 0 0 1 0.0 0.33333334 0.6666667 0.0 0.0 0.0 6.0 
0 1 0 2 0 0 1 0 0 0 1 0 0.0 0.33333334 0.6666667 0.0 0.0 0.0 6.0 
0 1 0 2 0 0 1 0 0 1 0 0 0.0 0.6666667 0.33333334 0.0 0.0 0.0 6.0 
0 1 0 2 0 0 1 0 1 0 0 0 0.0 0.6666667 0.33333334 0.0 0.0 0.0 6.0 
0 1 0 2 0 0 1 1 0 0 0 0 0.0 0.6666667 0.33333334 0.0 0.0 0.0 6.0 
0 1 0 2 0 0 2 0 0 0 0 0 0.0 0.6666667 0.33333334 0.0 0.0 0.0 3.0 
0 1 1 0 0 1 0 0 0 0 0 2 0.0 0.0 0.0 0.0 0.0 1.0 6.0 
0 1 1 0 0 1 0 0 0 0 1 1 0.0 0.0 0.0 0.0 1.0 0.0 12.0 
0 1 1 0 0 1 0 0 0 0 2 0 0.0 0.0 0.0 1.0 0.0 0.0 6.0 
0 1 1 0 0 1 0 0 0 1 0 1 0.0 0.0 0.0 1.0 0.0 0.0 12.0 
0 1 1 0 0 1 0 0 0 1 1 0 0.0 0.0 1.0 0.0 0.0 0.0 12.0 
0 1 1 0 0 1 0 0 0 2 0 0 0.0 0.0 1.0 0.0 0.0 0.0 6.0 
0 1 1 0 0 1 0 0 1 0 0 1 0.0 0.0 1.0 0.0 0.0 0.0 12.0 
0 1 1 0 0 1 0 0 1 0 1 0 0.0 0.0 1.0 0.0 0.0 0.0 12.0 
0 1 1 0 0 1 0 0 1 1 0 0 0.0 0.6666667 0.33333334 0.0 0.0 0.0 12.0 
0 1 1 0 0 1 0 0 2 0 0 0 0.0 0.6666667 0.33333334 0.0 0.0 0.0 6.0 
0 1 1 0 0 1 0 1 0 0 0 1 0.0 0.33333334 0.6666667 0.0 0.0 0.0 12.0 
0 1 1 0 0 1 0 1 0 0 1 0 0.0 0.33333334 0.6666667 0.0 0.0 0.0 12.0 
0 1 1 0 0 1 0 1 0 1 0 0 0.0 0.6666667 0.33333334 0.0 0.0 0.0 12.0 
0 1 1 0 0 1 0 1 1 0 0 0 0.0 0.6666667 0.33333334 0.0 0.0 0.0 12.0 
0 1 1 0 0 1 0 2 0 0 0 0 0.0 0.6666667 0.33333334 0.0 0.0 0.0 6.0 
0 1 1 0 0 1 1 0 0 0 0 1 0.0 0.33333334 0.6666667 0.0 0.0 0.0 12.0 
0 1 1 0 0 1 1 0 0 0 1 0 0.0 0.33333334 0.6666667 0.0 0.0 0.0 12.0 
0 1 1 0 0 1 1 0 0 1 0 0 0.0 0.6666667 0.33333334 0.0 0.0 0.0 12.0 
0 1 1 0 0 1 1 0 1 0 0 0 0.0 0.6666667 0.33333334 0.0 0.0 0.0 12.0 
0 1 1 0 0 1 1 1 0 0 0 0 0.0 0.6666667 0.33333334 0.0 0.0 0.0 12.0 
0 1 1 0 0 1 2 0 0 0 0 0 0.0 0.6666667 0.33333334 0.0 0.0 0.0 6.0 
0 1 1 0 1 0 0 0 0 0 0 2 0.0 0.0 0.0 0.0 0.0 1.0 6.0 
0 1 1 0 1 0 0 0 0 0 1 1 0.0 0.0 0.0 0.0 1.0 0.0 12.0 
0 1 1 0 1 0 0 0 0 0 2 0 0.0 0.0 0.0 1.0 0.0 0.0 6.0 
0 1 1 0 1 0 0 0 0 1 0 1 0.0 0.0 0.0 1.0 0.0 0.0 12.0 
0 1 1 0 1 0 0 0 0 1 1 0 0.0 0.0 1.0 0.0 0.0 0.0 12.0 
0 1 1 0 1 0 0 0 0 2 0 0 0.0 0.0 1.0 0.0 0.0 0.0 6.0 
0 1 1 0 1 0 0 0 1 0 0 1 0.0 0.0 1.0 0.0 0.0 0.0 12.0 
0 1 1 0 1 0 0 0 1 0 1 0 0.0 0.0 1.0 0.0 0.0 0.0 12.0 
0 1 1 0 1 0 0 0 1 1 0 0 0.0 0.6666667 0.33333334 0.0 0.0 0.0 12.0 
0 1 1 0 1 0 0 0 2 0 0 0 0.0 0.6666667 0.33333334 0.0 0.0 0.0 6.0 
0 1 1 0 1 0 0 1 0 0 0 1 0.0 0.33333334 0.6666667 0.0 0.0 0.0 12.0 
0 1 1 0 1 0 0 1 0 0 1 0 0.0 0.33333334 0.6666667 0.0 0.0 0.0 12.0 
0 1 1 0 1 0 0 1 0 1 0 0 0.0 0.6666667 0.33333334 0.0 0.0 0.0 12.0 
0 1 1 0 1 0 0 1 1 0 0 0 0.0 0.6666667 0.33333334 0.0 0.0 0.0 12.0 
0 1 1 0 1 0 0 2 0 0 0 0 0.0 0.6666667 0.33333334 0.0 0.0 0.0 6.0 
0 1 1 0 1 0 1 0 0 0 0 1 0.0 0.33333334 0.6666667 0.0 0.0 0.0 12.0 
0 1 1 0 1 0 1 0 0 0 1 0 0.0 0.33333334 0.6666667 0.0 0.0 0.0 12.0 
0 1 1 0 1 0 1 0 0 1 0 0 0.0 0.6666667 0.33333334 0.0 0.0 0.0 12.0 
0 1 1 0 1 0 1 0 1 0 0 0 0.0 0.6666667 0.33333334 0.0 0.0 0.0 12.0 
0 1 1 0 1 0 1 1 0 0 0 0 0.0 0.6666667 0.33333334 0.0 0.0 0.0 12.0 
0 1 1 0 1 0 2 0 0 0 0 0 0.0 0.6666667 0.33333334 0.0 0.0 0.0 6.0 
0 1 1 1 0 0 0 0 0 0 0 2 0.0 0.0 0.0 0.0 0.0 1.0 6.0 
0 1 1 1 0 0 0 0 0 0 1 1 0.0 0.0 0.0 0.0 1.0 0.0 12.0 
0 1 1 1 0 0 0 0 0 0 2 0 0.0 0.0 0.0 1.0 0.0 0.0 6.0 
0 1 1 1 0 0 0 0 0 1 0 1 0.0 0.0 0.0 1.0 0.0 0.0 12.0 
0 1 1 1 0 0 0 0 0 1 1 0 0.0 0.0 1.0 0.0 0.0 0.0 12.0 
0 1 1 1 0 0 0 0 0 2 0 0 0.0 0.0 1.0 0.0 0.0 0.0 6.0 
0 1 1 1 0 0 0 0 1 0 0 1 0.0 0.0 1.0 0.0 0.0 0.0 12.0 
0 1 1 1 0 0 0 0 1 0 1 0 0.0 0.0 1.0 0.0 0.0 0.0 12.0 
0 1 1 1 0 0 0 0 1 1 0 0 0.0 1.0 0.0 0.0 0.0 0.0 12.0 
0 1 1 1 0 0 0 0 2 0 0 0 0.0 1.0 0.0 0.0 0.0 0.0 6.0 
0 1 1 1 0 0 0 1 0 0 0 1 0.0 1.0 0.0 0.0 0.0 0.0 12.0 
0 1 1 1 0 0 0 1 0 0 1 0 0.0 1.0 0.0 0.0 0.0 0.0 12.0 
0 1 1 1 0 0 0 1 0 1 0 0 0.0 1.0 0.0 0.0 0.0 0.0 12.0 
0 1 1 1 0 0 0 1 1 0 0 0 0.0 1.0 0.0 0.0 0.0 0.0 12.0 
0 1 1 1 0 0 0 2 0 0 0 0 0.0 1.0 0.0 0.0 0.0 0.0 6.0 
0 1 1 1 0 0 1 0 0 0 0 1 0.0 1.0 0.0 0.0 0.0 0.0 12.0 
0 1 1 1 0 0 1 0 0 0 1 0 0.0 1.0 0.0 0.0 0.0 0.0 12.0 
0 1 1 1 0 0 1 0 0 1 0 0 0.0 1.0 0.0 0.0 0.0 0.0 12.0 
0 1 1 1 0 0 1 0 1 0 0 0 0.0 1.0 0.0 0.0 0.0 0.0 12.0 
0 1 1 1 0 0 1 1 0 0 0 0 0.0 1.0 0.0 0.0 0.0 0.0 12.0 
0 1 1 1 0 0 2 0 0 0 0 0 0.0 1.0 0.0 0.0 0.0 0.0 6.0 
0 1 2 0 0 0 0 0 0 0 0 2 0.0 0.0 0.0 0.0 0.0 1.0 3.0 
0 1 2 0 0 0 0 0 0 0 1 1 0.0 0.0 0.0 0.0 1.0 0.0 6.0 
0 1 2 0 0 0 0 0 0 0 2 0 0.0 0.0 0.0 1.0 0.0 0.0 3.0 
0 1 2 0 0 0 0 0 0 1 0 1 0.0 0.0 0.0 1.0 0.0 0.0 6.0 
0 1 2 0 0 0 0 0 0 1 1 0 0.0 0.0 1.0 0.0 0.0 0.0 6.0 
0 1 2 0 0 0 0 0 0 2 0 0 0.0 0.0 1.0 0.0 0.0 0.0 3.0 
0 1 2 0 0 0 0 0 1 0 0 1 0.0 0.0 1.0 0.0 0.0 0.0 6.0 
0 1 2 0 0 0 0 0 1 0 1 0 0.0 0.0 1.0 0.0 0.0 0.0 6.0 
0 1 2 0 0 0 0 0 1 1 0 0 0.0 1.0 0.0 0.0 0.0 0.0 6.0 
0 1 2 0 0 0 0 0 2 0 0 0 0.0 1.0 0.0 0.0 0.0 0.0 3.0 
0 1 2 0 0 0 0 1 0 0 0 1 0.0 1.0 0.0 0.0 0.0 0.0 6.0 
0 1 2 0 0 0 0 1 0 0 1 0 0.0 1.0 0.0 0.0 0.0 0.0 6.0 
0 1 2 0 0 0 0 1 0 1 0 0 0.0 1.0 0.0 0.0 0.0 0.0 6.0 
0 1 2 0 0 0 0 1 1 0 0 0 0.0 1.0 0.0 0.0 0.0 0.0 6.0 
0 1 2 0 0 0 0 2 0 0 0 0 0.0 1.0 0.0 0.0 0.0 0.0 3.0 
0 1 2 0 0 0 1 0 0 0 0 1 0.0 1.0 0.0 0.0 0.0 0.0 6.0 
0 1 2 0 0 0 1 0 0 0 1 0 0.0 1.0 0.0 0.0 0.0 0.0 6.0 
0 1 2 0 0 0 1 0 0 1 0 0 0.0 1.0 0.0 0.0 0.0 0.0 6.0 
0 1 2 0 0 0 1 0 1 0 0 0 0.0 1.0 0.0 0.0 0.0 0.0 6.0 
0 1 2 0 0 0 1 1 0 0 0 0 0.0 1.0 0.0 0.0 0.0 0.0 6.0 
0 1 2 0 0 0 2 0 0 0 0 0 0.0 1.0 0.0 0.0 0.0 0.0 3.0 
0 2 0 0 0 1 0 0 0 0 0 2 0.0 0.0 0.0 0.0 0.0 1.0 3.0 
0 2 0 0 0 1 0 0 0 0 1 1 0.0 0.0 0.0 0.0 1.0 0.0 6.0 
0 2 0 0 0 1 0 0 0 0 2 0 0.0 0.0 0.0 1.0 0.0 0.0 3.0 
0 2 0 0 0 1 0 0 0 1 0 1 0.0 0.0 0.0 1.0 0.0 0.0 6.0 
0 2 0 0 0 1 0 0 0 1 1 0 0.0 0.0 1.0 0.0 0.0 0.0 6.0 
0 2 0 0 0 1 0 0 0 2 0 0 0.0 0.0 1.0 0.0 0.0 0.0 3.0 
0 2 0 0 0 1 0 0 1 0 0 1 0.0 0.0 1.0 0.0 0.0 0.0 6.0 
0 2 0 0 0 1 0 0 1 0 1 0 0.0 0.0 1.0 0.0 0.0 0.0 6.0 
0 2 0 0 0 1 0 0 1 1 0 0 0.0 1.0 0.0 0.0 0.0 0.0 6.0 
0 2 0 0 0 1 0 0 2 0 0 0 0.0 1.0 0.0 0.0 0.0 0.0 3.0 
0 2 0 0 0 1 0 1 0 0 0 1 0.0 1.0 0.0 0.0 0.0 0.0 6.0 
0 2 0 0 0 1 0 1 0 0 1 0 0.0 1.0 0.0 0.0 0.0 0.0 6.0 
0 2 0 0 0 1 0 1 0 1 0 0 0.0 1.0 0.0 0.0 0.0 0.0 6.0 
0 2 0 0 0 1 0 1 1 0 0 0 0.0 1.0 0.0 0.0 0.0 0.0 6.0 
0 2 0 0 0 1 0 2 0 0 0 0 0.0 1.0 0.0 0.0 0.0 0.0 3.0 
0 2 0 0 0 1 1 0 0 0 0 1 0.0 1.0 0.0 0.0 0.0 0.0 6.0 
0 2 0 0 0 1 1 0 0 0 1 0 0.0 1.0 0.0 0.0 0.0 0.0 6.0 
0 2 0 0 0 1 1 0 0 1 0 0 0.0 1.0 0.0 0.0 0.0 0.0 6.0 
0 2 0 0 0 1 1 0 1 0 0 0 0.0 1.0 0.0 0.0 0.0 0.0 6.0 
0 2 0 0 0 1 1 1 0 0 0 0 0.0 1.0 0.0 0.0 0.0 0.0 6.0 
0 2 0 0 0 1 2 0 0 0 0 0 0.0 1.0 0.0 0.0 0.0 0.0 3.0 
0 2 0 0 1 0 0 0 0 0 0 2 0.0 0.0 0.0 0.0 0.0 1.0 3.0 
0 2 0 0 1 0 0 0 0 0 1 1 0.0 0.0 0.0 0.0 1.0 0.0 6.0 
0 2 0 0 1 0 0 0 0 0 2 0 0.0 0.0 0.0 1.0 0.0 0.0 3.0 
0 2 0 0 1 0 0 0 0 1 0 1 0.0 0.0 0.0 1.0 0.0 0.0 6.0 
0 2 0 0 1 0 0 0 0 1 1 0 0.0 0.0 1.0 0.0 0.0 0.0 6.0 
0 2 0 0 1 0 0 0 0 2 0 0 0.0 0.0 1.0 0.0 0.0 0.0 3.0 
0 2 0 0 1 0 0 0 1 0 0 1 0.0 0.0 1.0 0.0 0.0 0.0 6.0 
0 2 0 0 1 0 0 0 1 0 1 0 0.0 0.0 1.0 0.0 0.0 0.0 6.0 
0 2 0 0 1 0 0 0 1 1 0 0 0.0 1.0 0.0 0.0 0.0 0.0 6.0 
0 2 0 0 1 0 0 0 2 0 0 0 0.0 1.0 0.0 0.0 0.0 0.0 3.0 
0 2 0 0 1 0 0 1 0 0 0 1 0.0 1.0 0.0 0.0 0.0 0.0 6.0 
0 2 0 0 1 0 0 1 0 0 1 0 0.0 1.0 0.0 0.0 0.0 0.0 6.0 
0 2 0 0 1 0 0 1 0 1 0 0 0.0 1.0 0.0 0.0 0.0 0.0 6.0 
0 2 0 0 1 0 0 1 1 0 0 0 0.0 1.0 0.0 0.0 0.0 0.0 6.0 
0 2 0 0 1 0 0 2 0 0 0 0 0.0 1.0 0.0 0.0 0.0 0.0 3.0 
0 2 0 0 1 0 1 0 0 0 0 1 0.0 1.0 0.0 0.0 0.0 0.0 6.0 
0 2 0 0 1 0 1 0 0 0 1 0 0.0 1.0 0.0 0.0 0.0 0.0 6.0 
0 2 0 0 1 0 1 0 0 1 0 0 0.0 1.0 0.0 0.0 0.0 0.0 6.0 
0 2 0 0 1 0 1 0 1 0 0 0 0.0 1.0 0.0 0.0 0.0 0.0 6.0 
0 2 0 0 1 0 1 1 0 0 0 0 0.0 1.0 0.0 0.0 0.0 0.0 6.0 
0 2 0 0 1 0 2 0 0 0 0 0 0.0 1.0 0.0 0.0 0.0 0.0 3.0 
0 2 0 1 0 0 0 0 0 0 0 2 0.0 0.0 0.0 0.0 0.0 1.0 3.0 
0 2 0 1 0 0 0 0 0 0 1 1 0.0 0.0 0.0 0.0 1.0 0.0 6.0 
0 2 0 1 0 0 0 0 0 0 2 0 0.0 0.0 0.0 1.0 0.0 0.0 3.0 
0 2 0 1 0 0 0 0 0 1 0 1 0.0 0.0 0.0 1.0 0.0 0.0 6.0 
0 2 0 1 0 0 0 0 0 1 1 0 0.0 0.0 1.0 0.0 0.0 0.0 6.0 
0 2 0 1 0 0 0 0 0 2 0 0 0.0 0.0 1.0 0.0 0.0 0.0 3.0 
0 2 0 1 0 0 0 0 1 0 0 1 0.0 0.0 1.0 0.0 0.0 0.0 6.0 
0 2 0 1 0 0 0 0 1 0 1 0 0.0 0.0 1.0 0.0 0.0 0.0 6.0 
0 2 0 1 0 0 0 0 1 1 0 0 0.0 1.0 0.0 0.0 0.0 0.0 6.0 
0 2 0 1 0 0 0 0 2 0 0 0 0.0 1.0 0.0 0.0 0.0 0.0 3.0 
0 2 0 1 0 0 0 1 0 0 0 1 0.0 1.0 0.0 0.0 0.0 0.0 6.0 
0 2 0 1 0 0 0 1 0 0 1 0 0.0 1.0 0.0 0.0 0.0 0.0 6.0 
0 2 0 1 0 0 0 1 0 1 0 0 0.0 1.0 0.0 0.0 0.0 0.0 6.0 
0 2 0 1 0 0 0 1 1 0 0 0 0.0 1.0 0.0 0.0 0.0 0.0 6.0 
0 2 0 1 0 0 0 2 0 0 0 0 0.0 1.0 0.0 0.0 0.0 0.0 3.0 
0 2 0 1 0 0 1 0 0 0 0 1 0.0 1.0 0.0 0.0 0.0 0.0 6.0 
0 2 0 1 0 0 1 0 0 0 1 0 0.0 1.0 0.0 0.0 0.0 0.0 6.0 
0 2 0 1 0 0 1 0 0 1 0 0 0.0 1.0 0.0 0.0 0.0 0.0 6.0 
0 2 0 1 0 0 1 0 1 0 0 0 0.0 1.0 0.0 0.0 0.0 0.0 6.0 
0 2 0 1 0 0 1 1 0 0 0 0 0.0 1.0 0.0 0.0 0.0 0.0 6.0 
0 2 0 1 0 0 2 0 0 0 0 0 0.0 1.0 0.0 0.0 0.0 0.0 3.0 
0 2 1 0 0 0 0 0 0 0 0 2 0.0 0.0 0.0 0.0 0.0 1.0 3.0 
0 2 1 0 0 0 0 0 0 0 1 1 0.0 0.0 0.0 0.0 1.0 0.0 6.0 
0 2 1 0 0 0 0 0 0 0 2 0 0.0 0.0 0.0 1.0 0.0 0.0 3.0 
0 2 1 0 0 0 0 0 0 1 0 1 0.0 0.0 0.0 1.0 0.0 0.0 6.0 
0 2 1 0 0 0 0 0 0 1 1 0 0.0 0.0 1.0 0.0 0.0 0.0 6.0 
0 2 1 0 0 0 0 0 0 2 0 0 0.0 0.0 1.0 0.0 0.0 0.0 3.0 
0 2 1 0 0 0 0 0 1 0 0 1 0.0 0.0 1.0 0.0 0.0 0.0 6.0 
0 2 1 0 0 0 0 0 1 0 1 0 0.0 0.0 1.0 0.0 0.0 0.0 6.0 
0 2 1 0 0 0 0 0 1 1 0 0 0.0 1.0 0.0 0.0 0.0 0.0 6.0 
0 2 1 0 0 0 0 0 2 0 0 0 0.0 1.0 0.0 0.0 0.0 0.0 3.0 
0 2 1 0 0 0 0 1 0 0 0 1 0.0 1.0 0.0 0.0 0.0 0.0 6.0 
0 2 1 0 0 0 0 1 0 0 1 0 0.0 1.0 0.0 0.0 0.0 0.0 6.0 
0 2 1 0 0 0 0 1 0 1 0 0 0.0 1.0 0.0 0.0 0.0 0.0 6.0 
0 2 1 0 0 0 0 1 1 0 0 0 0.0 1.0 0.0 0.0 0.0 0.0 6.0 
0 2 1 0 0 0 0 2 0 0 0 0 0.0 1.0 0.0 0.0 0.0 0.0 3.0 
0 2 1 0 0 0 1 0 0 0 0 1 0.0 1.0 0.0 0.0 0.0 0.0 6.0 
0 2 1 0 0 0 1 0 0 0 1 0 0.0 1.0 0.0 0.0 0.0 0.0 6.0 
0 2 1 0 0 0 1 0 0 1 0 0 0.0 1.0 0.0 0.0 0.0 0.0 6.0 
0 2 1 0 0 0 1 0 1 0 0 0 0.0 1.0 0.0 0.0 0.0 0.0 6.0 
0 2 1 0 0 0 1 1 0 0 0 0 0.0 1.0 0.0 0.0 0.0 0.0 6.0 
0 2 1 0 0 0 2 0 0 0 0 0 0.0 1.0 0.0 0.0 0.0 0.0 3.0 
0 3 0 0 0 0 0 0 0 0 0 2 0.0 0.0 0.0 0.0 0.0 1.0 1.0 
0 3 0 0 0 0 0 0 0 0 1 1 0.0 0.0 0.0 0.0 1.0 0.0 2.0 
0 3 0 0 0 0 0 0 0 0 2 0 0.0 0.0 0.0 1.0 0.0 0.0 1.0 
0 3 0 0 0 0 0 0 0 1 0 1 0.0 0.0 0.0 1.0 0.0 0.0 2.0 
0 3 0 0 0 0 0 0 0 1 1 0 0.0 0.0 1.0 0.0 0.0 0.0 2.0 
0 3 0 0 0 0 0 0 0 2 0 0 0.0 0.0 1.0 0.0 0.0 0.0 1.0 
0 3 0 0 0 0 0 0 1 0 0 1 0.0 0.0 1.0 0.0 0.0 0.0 2.0 
0 3 0 0 0 0 0 0 1 0 1 0 0.0 0.0 1.0 0.0 0.0 0.0 2.0 
0 3 0 0 0 0 0 0 1 1 0 0 0.0 1.0 0.0 0.0 0.0 0.0 2.0 
0 3 0 0 0 0 0 0 2 0 0 0 0.0 1.0 0.0 0.0 0.0 0.0 1.0 
0 3 0 0 0 0 0 1 0 0 0 1 0.0 1.0 0.0 0.0 0.0 0.0 2.0 
0 3 0 0 0 0 0 1 0 0 1 0 0.0 1.0 0.0 0.0 0.0 0.0 2.0 
0 3 0 0 0 0 0 1 0 1 0 0 0.0 1.0 0.0 0.0 0.0 0.0 2.0 
0 3 0 0 0 0 0 1 1 0 0 0 0.0 1.0 0.0 0.0 0.0 0.0 2.0 
0 3 0 0 0 0 0 2 0 0 0 0 0.0 1.0 0.0 0.0 0.0 0.0 1.0 
0 3 0 0 0 0 1 0 0 0 0 1 0.0 1.0 0.0 0.0 0.0 0.0 2.0 
0 3 0 0 0 0 1 0 0 0 1 0 0.0 1.0 0.0 0.0 0.0 0.0 2.0 
0 3 0 0 0 0 1 0 0 1 0 0 0.0 1.0 0.0 0.0 0.0 0.0 2.0 
0 3 0 0 0 0 1 0 1 0 0 0 0.0 1.0 0.0 0.0 0.0 0.0 2.0 
0 3 0 0 0 0 1 1 0 0 0 0 0.0 1.0 0.0 0.0 0.0 0.0 2.0 
0 3 0 0 0 0 2 0 0 0 0 0 0.0 1.0 0.0 0.0 0.0 0.0 1.0 
1 0 0 0 0 2 0 0 0 0 0 2 0.0 0.0 0.0 0.0 0.0 1.0 3.0 
1 0 0 0 0 2 0 0 0 0 1 1 0.0 0.0 0.0 0.0 0.33333334 0.6666667 6.0 
1 0 0 0 0 2 0 0 0 0 2 0 0.0 0.0 0.0 0.0 0.6666667 0.33333334 3.0 
1 0 0 0 0 2 0 0 0 1 0 1 0.0 0.0 0.0 0.33333334 0.0 0.6666667 6.0 
1 0 0 0 0 2 0 0 0 1 1 0 0.0 0.0 0.0 0.33333334 0.33333334 0.33333334 6.0 
1 0 0 0 0 2 0 0 0 2 0 0 0.0 0.0 0.0 0.6666667 0.0 0.33333334 3.0 
1 0 0 0 0 2 0 0 1 0 0 1 0.0 0.0 0.33333334 0.0 0.0 0.6666667 6.0 
1 0 0 0 0 2 0 0 1 0 1 0 0.0 0.0 0.33333334 0.0 0.33333334 0.33333334 6.0 
1 0 0 0 0 2 0 0 1 1 0 0 0.0 0.0 0.33333334 0.33333334 0.0 0.33333334 6.0 
1 0 0 0 0 2 0 0 2 0 0 0 0.0 0.0 0.6666667 0.0 0.0 0.33333334 3.0 
1 0 0 0 0 2 0 1 0 0 0 1 0.0 0.33333334 0.0 0.0 0.0 0.6666667 6.0 
1 0 0 0 0 2 0 1 0 0 1 0 0.0 0.33333334 0.0 0.0 0.33333334 0.33333334 6.0 
1 0 0 0 0 2 0 1 0 1 0 0 0.0 0.33333334 0.0 0.33333334 0.0 0.33333334 6.0 
1 0 0 0 0 2 0 1 1 0 0 0 0.0 0.33333334 0.33333334 0.0 0.0 0.33333334 6.0 
1 0 0 0 0 2 0 2 0 0 0 0 0.0 0.6666667 0.0 0.0 0.0 0.33333334 3.0 
1 0 0 0 0 2 1 0 0 0 0 1 0.33333334 0.0 0.0 0.0 0.0 0.6666667 6.0 
1 0 0 0 0 2 1 0 0 0 1 0 0.33333334 0.0 0.0 0.0 0.33333334 0.33333334 6.0 
1 0 0 0 0 2 1 0 0 1 0 0 0.33333334 0.0 0.0 0.33333334 0.0 0.33333334 6.0 
1 0 0 0 0 2 1 0 1 0 0 0 0.33333334 0.0 0.33333334 0.0 0.0 0.33333334 6.0 
1 0 0 0 0 2 1 1 0 0 0 0 0.33333334 0.33333334 0.0 0.0 0.0 0.33333334 6.0 
1 0 0 0 0 2 2 0 0 0 0 0 0.6666667 0.0 0.0 0.0 0.0 0.33333334 3.0 
1 0 0 0 1 1 0 0 0 0 0 2 0.0 0.0 0.0 0.0 0.0 1.0 6.0 
1 0 0 0 1 1 0 0 0 0 1 1 0.0 0.0 0.0 0.0 1.0 0.0 12.0 
1 0 0 0 1 1 0 0 0 0 2 0 0.0 0.0 0.0 0.6666667 0.33333334 0.0 6.0 
1 0 0 0 1 1 0 0 0 1 0 1 0.0 0.0 0.0 0.33333334 0.6666667 0.0 12.0 
1 0 0 0 1 1 0 0 0 1 1 0 0.0 0.0 0.33333334 0.33333334 0.33333334 0.0 12.0 
1 0 0 0 1 1 0 0 0 2 0 0 0.0 0.0 0.6666667 0.0 0.33333334 0.0 6.0 
1 0 0 0 1 1 0 0 1 0 0 1 0.0 0.0 0.33333334 0.0 0.6666667 0.0 12.0 
1 0 0 0 1 1 0 0 1 0 1 0 0.0 0.0 0.33333334 0.33333334 0.33333334 0.0 12.0 
1 0 0 0 1 1 0 0 1 1 0 0 0.0 0.0 0.6666667 0.0 0.33333334 0.0 12.0 
1 0 0 0 1 1 0 0 2 0 0 0 0.0 0.0 0.6666667 0.0 0.33333334 0.0 6.0 
1 0 0 0 1 1 0 1 0 0 0 1 0.0 0.33333334 0.0 0.0 0.6666667 0.0 12.0 
1 0 0 0 1 1 0 1 0 0 1 0 0.0 0.33333334 0.0 0.33333334 0.33333334 0.0 12.0 
1 0 0 0 1 1 0 1 0 1 0 0 0.0 0.33333334 0.33333334 0.0 0.33333334 0.0 12.0 
1 0 0 0 1 1 0 1 1 0 0 0 0.0 0.33333334 0.33333334 0.0 0.33333334 0.0 12.0 
1 0 0 0 1 1 0 2 0 0 0 0 0.0 0.6666667 0.0 0.0 0.33333334 0.0 6.0 
1 0 0 0 1 1 1 0 0 0 0 1 0.33333334 0.0 0.0 0.0 0.6666667 0.0 12.0 
1 0 0 0 1 1 1 0 0 0 1 0 0.33333334 0.0 0.0 0.33333334 0.33333334 0.0 12.0 
1 0 0 0 1 1 1 0 0 1 0 0 0.33333334 0.0 0.33333334 0.0 0.33333334 0.0 12.0 
1 0 0 0 1 1 1 0 1 0 0 0 0.33333334 0.0 0.33333334 0.0 0.33333334 0.0 12.0 
1 0 0 0 1 1 1 1 0 0 0 0 0.33333334 0.33333334 0.0 0.0 0.33333334 0.0 12.0 
1 0 0 0 1 1 2 0 0 0 0 0 0.6666667 0.0 0.0 0.0 0.33333334 0.0 6.0 
1 0 0 0 2 0 0 0 0 0 0 2 0.0 0.0 0.0 0.0 0.0 1.0 3.0 
1 0 0 0 2 0 0 0 0 0 1 1 0.0 0.0 0.0 0.0 1.0 0.0 6.0 
1 0 0 0 2 0 0 0 0 0 2 0 0.0 0.0 0.0 1.0 0.0 0.0 3.0 
1 0 0 0 2 0 0 0 0 1 0 1 0.0 0.0 0.0 1.0 0.0 0.0 6.0 
1 0 0 0 2 0 0 0 0 1 1 0 0.0 0.0 0.33333334 0.6666667 0.0 0.0 6.0 
1 0 0 0 2 0 0 0 0 2 0 0 0.0 0.0 0.6666667 0.33333334 0.0 0.0 3.0 
1 0 0 0 2 0 0 0 1 0 0 1 0.0 0.0 0.33333334 0.6666667 0.0 0.0 6.0 
1 0 0 0 2 0 0 0 1 0 1 0 0.0 0.0 0.33333334 0.6666667 0.0 0.0 6.0 
1 0 0 0 2 0 0 0 1 1 0 0 0.0 0.0 0.6666667 0.33333334 0.0 0.0 6.0 
1 0 0 0 2 0 0 0 2 0 0 0 0.0 0.0 0.6666667 0.33333334 0.0 0.0 3.0 
1 0 0 0 2 0 0 1 0 0 0 1 0.0 0.33333334 0.0 0.6666667 0.0 0.0 6.0 
1 0 0 0 2 0 0 1 0 0 1 0 0.0 0.33333334 0.0 0.6666667 0.0 0.0 6.0 
1 0 0 0 2 0 0 1 0 1 0 0 0.0 0.33333334 0.33333334 0.33333334 0.0 0.0 6.0 
1 0 0 0 2 0 0 1 1 0 0 0 0.0 0.33333334 0.33333334 0.33333334 0.0 0.0 6.0 
1 0 0 0 2 0 0 2 0 0 0 0 0.0 0.6666667 0.0 0.33333334 0.0 0.0 3.0 
1 0 0 0 2 0 1 0 0 0 0 1 0.33333334 0.0 0.0 0.6666667 0.0 0.0 6.0 
1 0 0 0 2 0 1 0 0 0 1 0 0.33333334 0.0 0.0 0.6666667 0.0 0.0 6.0 
1 0 0 0 2 0 1 0 0 1 0 0 0.33333334 0.0 0.33333334 0.33333334 0.0 0.0 6.0 
1 0 0 0 2 0 1 0 1 0 0 0 0.33333334 0.0 0.33333334 0.33333334 0.0 0.0 6.0 
1 0 0 0 2 0 1 1 0 0 0 0 0.33333334 0.33333334 0.0 0.33333334 0.0 0.0 6.0 
1 0 0 0 2 0 2 0 0 0 0 0 0.6666667 0.0 0.0 0.33333334 0.0 0.0 3.0 
1 0 0 1 0 1 0 0 0 0 0 2 0.0 0.0 0.0 0.0 0.0 1.0 6.0 
1 0 0 1 0 1 0 0 0 0 1 1 0.0 0.0 0.0 0.0 1.0 0.0 12.0 
1 0 0 1 0 1 0 0 0 0 2 0 0.0 0.0 0.0 1.0 0.0 0.0 6.0 
1 0 0 1 0 1 0 0 0 1 0 1 0.0 0.0 0.0 1.0 0.0 0.0 12.0 
1 0 0 1 0 1 0 0 0 1 1 0 0.0 0.0 0.6666667 0.33333334 0.0 0.0 12.0 
1 0 0 1 0 1 0 0 0 2 0 0 0.0 0.0 0.6666667 0.33333334 0.0 0.0 6.0 
1 0 0 1 0 1 0 0 1 0 0 1 0.0 0.0 0.33333334 0.6666667 0.0 0.0 12.0 
1 0 0 1 0 1 0 0 1 0 1 0 0.0 0.0 0.6666667 0.33333334 0.0 0.0 12.0 
1 0 0 1 0 1 0 0 1 1 0 0 0.0 0.33333334 0.33333334 0.33333334 0.0 0.0 12.0 
1 0 0 1 0 1 0 0 2 0 0 0 0.0 0.6666667 0.0 0.33333334 0.0 0.0 6.0 
1 0 0 1 0 1 0 1 0 0 0 1 0.0 0.33333334 0.0 0.6666667 0.0 0.0 12.0 
1 0 0 1 0 1 0 1 0 0 1 0 0.0 0.33333334 0.33333334 0.33333334 0.0 0.0 12.0 
1 0 0 1 0 1 0 1 0 1 0 0 0.0 0.33333334 0.33333334 0.33333334 0.0 0.0 12.0 
1 0 0 1 0 1 0 1 1 0 0 0 0.0 0.6666667 0.0 0.33333334 0.0 0.0 12.0 
1 0 0 1 0 1 0 2 0 0 0 0 0.0 0.6666667 0.0 0.33333334 0.0 0.0 6.0 
1 0 0 1 0 1 1 0 0 0 0 1 0.33333334 0.0 0.0 0.6666667 0.0 0.0 12.0 
1 0 0 1 0 1 1 0 0 0 1 0 0.33333334 0.0 0.33333334 0.33333334 0.0 0.0 12.0 
1 0 0 1 0 1 1 0 0 1 0 0 0.33333334 0.0 0.33333334 0.33333334 0.0 0.0 12.0 
1 0 0 1 0 1 1 0 1 0 0 0 0.33333334 0.33333334 0.0 0.33333334 0.0 0.0 12.0 
1 0 0 1 0 1 1 1 0 0 0 0 0.33333334 0.33333334 0.0 0.33333334 0.0 0.0 12.0 
1 0 0 1 0 1 2 0 0 0 0 0 0.6666667 0.0 0.0 0.33333334 0.0 0.0 6.0 
1 0 0 1 1 0 0 0 0 0 0 2 0.0 0.0 0.0 0.0 0.0 1.0 6.0 
1 0 0 1 1 0 0 0 0 0 1 1 0.0 0.0 0.0 0.0 1.0 0.0 12.0 
1 0 0 1 1 0 0 0 0 0 2 0 0.0 0.0 0.0 1.0 0.0 0.0 6.0 
1 0 0 1 1 0 0 0 0 1 0 1 0.0 0.0 0.0 1.0 0.0 0.0 12.0 
1 0 0 1 1 0 0 0 0 1 1 0 0.0 0.0 1.0 0.0 0.0 0.0 12.0 
1 0 0 1 1 0 0 0 0 2 0 0 0.0 0.0 1.0 0.0 0.0 0.0 6.0 
1 0 0 1 1 0 0 0 1 0 0 1 0.0 0.0 1.0 0.0 0.0 0.0 12.0 
1 0 0 1 1 0 0 0 1 0 1 0 0.0 0.0 1.0 0.0 0.0 0.0 12.0 
1 0 0 1 1 0 0 0 1 1 0 0 0.0 0.33333334 0.6666667 0.0 0.0 0.0 12.0 
1 0 0 1 1 0 0 0 2 0 0 0 0.0 0.6666667 0.33333334 0.0 0.0 0.0 6.0 
1 0 0 1 1 0 0 1 0 0 0 1 0.0 0.33333334 0.6666667 0.0 0.0 0.0 12.0 
1 0 0 1 1 0 0 1 0 0 1 0 0.0 0.33333334 0.6666667 0.0 0.0 0.0 12.0 
1 0 0 1 1 0 0 1 0 1 0 0 0.0 0.33333334 0.6666667 0.0 0.0 0.0 12.0 
1 0 0 1 1 0 0 1 1 0 0 0 0.0 0.6666667 0.33333334 0.0 0.0 0.0 12.0 
1 0 0 1 1 0 0 2 0 0 0 0 0.0 0.6666667 0.33333334 0.0 0.0 0.0 6.0 
1 0 0 1 1 0 1 0 0 0 0 1 0.33333334 0.0 0.6666667 0.0 0.0 0.0 12.0 
1 0 0 1 1 0 1 0 0 0 1 0 0.33333334 0.0 0.6666667 0.0 0.0 0.0 12.0 
1 0 0 1 1 0 1 0 0 1 0 0 0.33333334 0.0 0.6666667 0.0 0.0 0.0 12.0 
1 0 0 1 1 0 1 0 1 0 0 0 0.33333334 0.33333334 0.33333334 0.0 0.0 0.0 12.0 
1 0 0 1 1 0 1 1 0 0 0 0 0.33333334 0.33333334 0.33333334 0.0 0.0 0.0 12.0 
1 0 0 1 1 0 2 0 0 0 0 0 0.6666667 0.0 0.33333334 0.0 0.0 0.0 6.0 
1 0 0 2 0 0 0 0 0 0 0 2 0.0 0.0 0.0 0.0 0.0 1.0 3.0 
1 0 0 2 0 0 0 0 0 0 1 1 0.0 0.0 0.0 0.0 1.0 0.0 6.0 
1 0 0 2 0 0 0 0 0 0 2 0 0.0 0.0 0.0 1.0 0.0 0.0 3.0 
1 0 0 2 0 0 0 0 0 1 0 1 0.0 0.0 0.0 1.0 0.0 0.0 6.0 
1 0 0 2 0 0 0 0 0 1 1 0 0.0 0.0 1.0 0.0 0.0 0.0 6.0 
1 0 0 2 0 0 0 0 0 2 0 0 0.0 0.0 1.0 0.0 0.0 0.0 3.0 
1 0 0 2 0 0 0 0 1 0 0 1 0.0 0.0 1.0 0.0 0.0 0.0 6.0 
1 0 0 2 0 0 0 0 1 0 1 0 0.0 0.0 1.0 0.0 0.0 0.0 6.0 
1 0 0 2 0 0 0 0 1 1 0 0 0.0 0.6666667 0.33333334 0.0 0.0 0.0 6.0 
1 0 0 2 0 0 0 0 2 0 0 0 0.0 0.6666667 0.33333334 0.0 0.0 0.0 3.0 
1 0 0 2 0 0 0 1 0 0 0 1 0.0 0.33333334 0.6666667 0.0 0.0 0.0 6.0 
1 0 0 2 0 0 0 1 0 0 1 0 0.0 0.33333334 0.6666667 0.0 0.0 0.0 6.0 
1 0 0 2 0 0 0 1 0 1 0 0 0.0 0.6666667 0.33333334 0.0 0.0 0.0 6.0 
1 0 0 2 0 0 0 1 1 0 0 0 0.0 0.6666667 0.33333334 0.0 0.0 0.0 6.0 
1 0 0 2 0 0 0 2 0 0 0 0 0.0 0.6666667 0.33333334 0.0 0.0 0.0 3.0 
1 0 0 2 0 0 1 0 0 0 0 1 0.33333334 0.0 0.6666667 0.0 0.0 0.0 6.0 
1 0 0 2 0 0 1 0 0 0 1 0 0.33333334 0.0 0.6666667 0.0 0.0 0.0 6.0 
1 0 0 2 0 0 1 0 0 1 0 0 0.33333334 0.33333334 0.33333334 0.0 0.0 0.0 6.0 
1 0 0 2 0 0 1 0 1 0 0 0 0.33333334 0.33333334 0.33333334 0.0 0.0 0.0 6.0 
1 0 0 2 0 0 1 1 0 0 0 0 0.33333334 0.33333334 0.33333334 0.0 0.0 0.0 6.0 
1 0 0 2 0 0 2 0 0 0 0 0 0.6666667 0.0 0.33333334 0.0 0.0 0.0 3.0 
1 0 1 0 0 1 0 0 0 0 0 2 0.0 0.0 0.0 0.0 0.0 1.0 6.0 
1 0 1 0 0 1 0 0 0 0 1 1 0.0 0.0 0.0 0.0 1.0 0.0 12.0 
1 0 1 0 0 1 0 0 0 0 2 0 0.0 0.0 0.0 1.0 0.0 0.0 6.0 
1 0 1 0 0 1 0 0 0 1 0 1 0.0 0.0 0.0 1.0 0.0 0.0 12.0 
1 0 1 0 0 1 0 0 0 1 1 0 0.0 0.0 1.0 0.0 0.0 0.0 12.0 
1 0 1 0 0 1 0 0 0 2 0 0 0.0 0.0 1.0 0.0 0.0 0.0 6.0 
1 0 1 0 0 1 0 0 1 0 0 1 0.0 0.0 1.0 0.0 0.0 0.0 12.0 
1 0 1 0 0 1 0 0 1 0 1 0 0.0 0.0 1.0 0.0 0.0 0.0 12.0 
1 0 1 0 0 1 0 0 1 1 0 0 0.0 0.6666667 0.33333334 0.0 0.0 0.0 12.0 
1 0 1 0 0 1 0 0 2 0 0 0 0.0 0.6666667 0.33333334 0.0 0.0 0.0 6.0 
1 0 1 0 0 1 0 1 0 0 0 1 0.0 0.33333334 0.6666667 0.0 0.0 0.0 12.0 
1 0 1 0 0 1 0 1 0 0 1 0 0.0 0.33333334 0.6666667 0.0 0.0 0.0 12.0 
1 0 1 0 0 1 0 1 0 1 0 0 0.0 0.6666667 0.33333334 0.0 0.0 0.0 12.0 
1 0 1 0 0 1 0 1 1 0 0 0 0.0 0.6666667 0.33333334 0.0 0.0 0.0 12.0 
1 0 1 0 0 1 0 2 0 0 0 0 0.0 0.6666667 0.33333334 0.0 0.0 0.0 6.0 
1 0 1 0 0 1 1 0 0 0 0 1 0.33333334 0.0 0.6666667 0.0 0.0 0.0 12.0 
1 0 1 0 0 1 1 0 0 0 1 0 0.33333334 0.0 0.6666667 0.0 0.0 0.0 12.0 
1 0 1 0 0 1 1 0 0 1 0 0 0.33333334 0.33333334 0.33333334 0.0 0.0 0.0 12.0 
1 0 1 0 0 1 1 0 1 0 0 0 0.33333334 0.33333334 0.33333334 0.0 0.0 0.0 12.0 
1 0 1 0 0 1 1 1 0 0 0 0 0.33333334 0.33333334 0.33333334 0.0 0.0 0.0 12.0 
1 0 1 0 0 1 2 0 0 0 0 0 0.6666667 0.0 0.33333334 0.0 0.0 0.0 6.0 
1 0 1 0 1 0 0 0 0 0 0 2 0.0 0.0 0.0 0.0 0.0 1.0 6.0 
1 0 1 0 1 0 0 0 0 0 1 1 0.0 0.0 0.0 0.0 1.0 0.0 12.0 
1 0 1 0 1 0 0 0 0 0 2 0 0.0 0.0 0.0 1.0 0.0 0.0 6.0 
1 0 1 0 1 0 0 0 0 1 0 1 0.0 0.0 0.0 1.0 0.0 0.0 12.0 
1 0 1 0 1 0 0 0 0 1 1 0 0.0 0.0 1.0 0.0 0.0 0.0 12.0 
1 0 1 0 1 0 0 0 0 2 0 0 0.0 0.0 1.0 0.0 0.0 0.0 6.0 
1 0 1 0 1 0 0 0 1 0 0 1 0.0 0.0 1.0 0.0 0.0 0.0 12.0 
1 0 1 0 1 0 0 0 1 0 1 0 0.0 0.0 1.0 0.0 0.0 0.0 12.0 
1 0 1 0 1 0 0 0 1 1 0 0 0.0 0.6666667 0.33333334 0.0 0.0 0.0 12.0 
1 0 1 0 1 0 0 0 2 0 0 0 0.0 0.6666667 0.33333334 0.0 0.0 0.0 6.0 
1 0 1 0 1 0 0 1 0 0 0 1 0.0 0.33333334 0.6666667 0.0 0.0 0.0 12.0 
1 0 1 0 1 0 0 1 0 0 1 0 0.0 0.33333334 0.6666667 0.0 0.0 0.0 12.0 
1 0 1 0 1 0 0 1 0 1 0 0 0.0 0.6666667 0.33333334 0.0 0.0 0.0 12.0 
1 0 1 0 1 0 0 1 1 0 0 0 0.0 0.6666667 0.33333334 0.0 0.0 0.0 12.0 
1 0 1 0 1 0 0 2 0 0 0 0 0.0 0.6666667 0.33333334 0.0 0.0 0.0 6.0 
1 0 1 0 1 0 1 0 0 0 0 1 0.33333334 0.0 0.6666667 0.0 0.0 0.0 12.0 
1 0 1 0 1 0 1 0 0 0 1 0 0.33333334 0.0 0.6666667 0.0 0.0 0.0 12.0 
1 0 1 0 1 0 1 0 0 1 0 0 0.33333334 0.33333334 0.33333334 0.0 0.0 0.0 12.0 
1 0 1 0 1 0 1 0 1 0 0 0 0.33333334 0.33333334 0.33333334 0.0 0.0 0.0 12.0 
1 0 1 0 1 0 1 1 0 0 0 0 0.33333334 0.33333334 0.33333334 0.0 0.0 0.0 12.0 
1 0 1 0 1 0 2 0 0 0 0 0 0.6666667 0.0 0.33333334 0.0 0.0 0.0 6.0 
1 0 1 1 0 0 0 0 0 0 0 2 0.0 0.0 0.0 0.0 0.0 1.0 6.0 
1 0 1 1 0 0 0 0 0 0 1 1 0.0 0.0 0.0 0.0 1.0 0.0 12.0 
1 0 1 1 0 0 0 0 0 0 2 0 0.0 0.0 0.0 1.0 0.0 0.0 6.0 
1 0 1 1 0 0 0 0 0 1 0 1 0.0 0.0 0.0 1.0 0.0 0.0 12.0 
1 0 1 1 0 0 0 0 0 1 1 0 0.0 0.0 1.0 0.0 0.0 0.0 12.0 
1 0 1 1 0 0 0 0 0 2 0 0 0.0 0.0 1.0 0.0 0.0 0.0 6.0 
1 0 1 1 0 0 0 0 1 0 0 1 0.0 0.0 1.0 0.0 0.0 0.0 12.0 
1 0 1 1 0 0 0 0 1 0 1 0 0.0 0.0 1.0 0.0 0.0 0.0 12.0 
1 0 1 1 0 0 0 0 1 1 0 0 0.0 1.0 0.0 0.0 0.0 0.0 12.0 
1 0 1 1 0 0 0 0 2 0 0 0 0.0 1.0 0.0 0.0 0.0 0.0 6.0 
1 0 1 1 0 0 0 1 0 0 0 1 0.0 1.0 0.0 0.0 0.0 0.0 12.0 
1 0 1 1 0 0 0 1 0 0 1 0 0.0 1.0 0.0 0.0 0.0 0.0 12.0 
1 0 1 1 0 0 0 1 0 1 0 0 0.0 1.0 0.0 0.0 0.0 0.0 12.0 
1 0 1 1 0 0 0 1 1 0 0 0 0.0 1.0 0.0 0.0 0.0 0.0 12.0 
1 0 1 1 0 0 0 2 0 0 0 0 0.0 1.0 0.0 0.0 0.0 0.0 6.0 
1 0 1 1 0 0 1 0 0 0 0 1 0.33333334 0.6666667 0.0 0.0 0.0 0.0 12.0 
1 0 1 1 0 0 1 0 0 0 1 0 0.33333334 0.6666667 0.0 0.0 0.0 0.0 12.0 
1 0 1 1 0 0 1 0 0 1 0 0 0.33333334 0.6666667 0.0 0.0 0.0 0.0 12.0 
1 0 1 1 0 0 1 0 1 0 0 0 0.33333334 0.6666667 0.0 0.0 0.0 0.0 12.0 
1 0 1 1 0 0 1 1 0 0 0 0 0.33333334 0.6666667 0.0 0.0 0.0 0.0 12.0 
1 0 1 1 0 0 2 0 0 0 0 0 0.6666667 0.33333334 0.0 0.0 0.0 0.0 6.0 
1 0 2 0 0 0 0 0 0 0 0 2 0.0 0.0 0.0 0.0 0.0 1.0 3.0 
1 0 2 0 0 0 0 0 0 0 1 1 0.0 0.0 0.0 0.0 1.0 0.0 6.0 
1 0 2 0 0 0 0 0 0 0 2 0 0.0 0.0 0.0 1.0 0.0 0.0 3.0 
1 0 2 0 0 0 0 0 0 1 0 1 0.0 0.0 0.0 1.0 0.0 0.0 6.0 
1 0 2 0 0 0 0 0 0 1 1 0 0.0 0.0 1.0 0.0 0.0 0.0 6.0 
1 0 2 0 0 0 0 0 0 2 0 0 0.0 0.0 1.0 0.0 0.0 0.0 3.0 
1 0 2 0 0 0 0 0 1 0 0 1 0.0 0.0 1.0 0.0 0.0 0.0 6.0 
1 0 2 0 0 0 0 0 1 0 1 0 0.0 0.0 1.0 0.0 0.0 0.0 6.0 
1 0 2 0 0 0 0 0 1 1 0 0 0.0 1.0 0.0 0.0 0.0 0.0 6.0 
1 0 2 0 0 0 0 0 2 0 0 0 0.0 1.0 0.0 0.0 0.0 0.0 3.0 
1 0 2 0 0 0 0 1 0 0 0 1 0.0 1.0 0.0 0.0 0.0 0.0 6.0 
1 0 2 0 0 0 0 1 0 0 1 0 0.0 1.0 0.0 0.0 0.0 0.0 6.0 
1 0 2 0 0 0 0 1 0 1 0 0 0.0 1.0 0.0 0.0 0.0 0.0 6.0 
1 0 2 0 0 0 0 1 1 0 0 0 0.0 1.0 0.0 0.0 0.0 0.0 6.0 
1 0 2 0 0 0 0 2 0 0 0 0 0.0 1.0 0.0 0.0 0.0 0.0 3.0 
1 0 2 0 0 0 1 0 0 0 0 1 0.33333334 0.6666667 0.0 0.0 0.0 0.0 6.0 
1 0 2 0 0 0 1 0 0 0 1 0 0.33333334 0.6666667 0.0 0.0 0.0 0.0 6.0 
1 0 2 0 0 0 1 0 0 1 0 0 0.33333334 0.6666667 0.0 0.0 0.0 0.0 6.0 
1 0 2 0 0 0 1 0 1 0 0 0 0.33333334 0.6666667 0.0 0.0 0.0 0.0 6.0 
1 0 2 0 0 0 1 1 0 0 0 0 0.33333334 0.6666667 0.0 0.0 0.0 0.0 6.0 
1 0 2 0 0 0 2 0 0 0 0 0 0.6666667 0.33333334 0.0 0.0 0.0 0.0 3.0 
1 1 0 0 0 1 0 0 0 0 0 2 0.0 0.0 0.0 0.0 0.0 1.0 6.0 
1 1 0 0 0 1 0 0 0 0 1 1 0.0 0.0 0.0 0.0 1.0 0.0 12.0 
1 1 0 0 0 1 0 0 0 0 2 0 0.0 0.0 0.0 1.0 0.0 0.0 6.0 
1 1 0 0 0 1 0 0 0 1 0 1 0.0 0.0 0.0 1.0 0.0 0.0 12.0 
1 1 0 0 0 1 0 0 0 1 1 0 0.0 0.0 1.0 0.0 0.0 0.0 12.0 
1 1 0 0 0 1 0 0 0 2 0 0 0.0 0.0 1.0 0.0 0.0 0.0 6.0 
1 1 0 0 0 1 0 0 1 0 0 1 0.0 0.0 1.0 0.0 0.0 0.0 12.0 
1 1 0 0 0 1 0 0 1 0 1 0 0.0 0.0 1.0 0.0 0.0 0.0 12.0 
1 1 0 0 0 1 0 0 1 1 0 0 0.0 1.0 0.0 0.0 0.0 0.0 12.0 
1 1 0 0 0 1 0 0 2 0 0 0 0.0 1.0 0.0 0.0 0.0 0.0 6.0 
1 1 0 0 0 1 0 1 0 0 0 1 0.0 1.0 0.0 0.0 0.0 0.0 12.0 
1 1 0 0 0 1 0 1 0 0 1 0 0.0 1.0 0.0 0.0 0.0 0.0 12.0 
1 1 0 0 0 1 0 1 0 1 0 0 0.0 1.0 0.0 0.0 0.0 0.0 12.0 
1 1 0 0 0 1 0 1 1 0 0 0 0.0 1.0 0.0 0.0 0.0 0.0 12.0 
1 1 0 0 0 1 0 2 0 0 0 0 0.0 1.0 0.0 0.0 0.0 0.0 6.0 
1 1 0 0 0 1 1 0 0 0 0 1 0.33333334 0.6666667 0.0 0.0 0.0 0.0 12.0 
1 1 0 0 0 1 1 0 0 0 1 0 0.33333334 0.6666667 0.0 0.0 0.0 0.0 12.0 
1 1 0 0 0 1 1 0 0 1 0 0 0.33333334 0.6666667 0.0 0.0 0.0 0.0 12.0 
1 1 0 0 0 1 1 0 1 0 0 0 0.33333334 0.6666667 0.0 0.0 0.0 0.0 12.0 
1 1 0 0 0 1 1 1 0 0 0 0 0.33333334 0.6666667 0.0 0.0 0.0 0.0 12.0 
1 1 0 0 0 1 2 0 0 0 0 0 0.6666667 0.33333334 0.0 0.0 0.0 0.0 6.0 
1 1 0 0 1 0 0 0 0 0 0 2 0.0 0.0 0.0 0.0 0.0 1.0 6.0 
1 1 0 0 1 0 0 0 0 0 1 1 0.0 0.0 0.0 0.0 1.0 0.0 12.0 
1 1 0 0 1 0 0 0 0 0 2 0 0.0 0.0 0.0 1.0 0.0 0.0 6.0 
1 1 0 0 1 0 0 0 0 1 0 1 0.0 0.0 0.0 1.0 0.0 0.0 12.0 
1 1 0 0 1 0 0 0 0 1 1 0 0.0 0.0 1.0 0.0 0.0 0.0 12.0 
1 1 0 0 1 0 0 0 0 2 0 0 0.0 0.0 1.0 0.0 0.0 0.0 6.0 
1 1 0 0 1 0 0 0 1 0 0 1 0.0 0.0 1.0 0.0 0.0 0.0 12.0 
1 1 0 0 1 0 0 0 1 0 1 0 0.0 0.0 1.0 0.0 0.0 0.0 12.0 
1 1 0 0 1 0 0 0 1 1 0 0 0.0 1.0 0.0 0.0 0.0 0.0 12.0 
1 1 0 0 1 0 0 0 2 0 0 0 0.0 1.0 0.0 0.0 0.0 0.0 6.0 
1 1 0 0 1 0 0 1 0 0 0 1 0.0 1.0 0.0 0.0 0.0 0.0 12.0 
1 1 0 0 1 0 0 1 0 0 1 0 0.0 1.0 0.0 0.0 0.0 0.0 12.0 
1 1 0 0 1 0 0 1 0 1 0 0 0.0 1.0 0.0 0.0 0.0 0.0 12.0 
1 1 0 0 1 0 0 1 1 0 0 0 0.0 1.0 0.0 0.0 0.0 0.0 12.0 
1 1 0 0 1 0 0 2 0 0 0 0 0.0 1.0 0.0 0.0 0.0 0.0 6.0 
1 1 0 0 1 0 1 0 0 0 0 1 0.33333334 0.6666667 0.0 0.0 0.0 0.0 12.0 
1 1 0 0 1 0 1 0 0 0 1 0 0.33333334 0.6666667 0.0 0.0 0.0 0.0 12.0 
1 1 0 0 1 0 1 0 0 1 0 0 0.33333334 0.6666667 0.0 0.0 0.0 0.0 12.0 
1 1 0 0 1 0 1 0 1 0 0 0 0.33333334 0.6666667 0.0 0.0 0.0 0.0 12.0 
1 1 0 0 1 0 1 1 0 0 0 0 0.33333334 0.6666667 0.0 0.0 0.0 0.0 12.0 
1 1 0 0 1 0 2 0 0 0 0 0 0.6666667 0.33333334 0.0 0.0 0.0 0.0 6.0 
1 1 0 1 0 0 0 0 0 0 0 2 0.0 0.0 0.0 0.0 0.0 1.0 6.0 
1 1 0 1 0 0 0 0 0 0 1 1 0.0 0.0 0.0 0.0 1.0 0.0 12.0 
1 1 0 1 0 0 0 0 0 0 2 0 0.0 0.0 0.0 1.0 0.0 0.0 6.0 
1 1 0 1 0 0 0 0 0 1 0 1 0.0 0.0 0.0 1.0 0.0 0.0 12.0 
1 1 0 1 0 0 0 0 0 1 1 0 0.0 0.0 1.0 0.0 0.0 0.0 12.0 
1 1 0 1 0 0 0 0 0 2 0 0 0.0 0.0 1.0 0.0 0.0 0.0 6.0 
1 1 0 1 0 0 0 0 1 0 0 1 0.0 0.0 1.0 0.0 0.0 0.0 12.0 
1 1 0 1 0 0 0 0 1 0 1 0 0.0 0.0 1.0 0.0 0.0 0.0 12.0 
1 1 0 1 0 0 0 0 1 1 0 0 0.0 1.0 0.0 0.0 0.0 0.0 12.0 
1 1 0 1 0 0 0 0 2 0 0 0 0.0 1.0 0.0 0.0 0.0 0.0 6.0 
1 1 0 1 0 0 0 1 0 0 0 1 0.0 1.0 0.0 0.0 0.0 0.0 12.0 
1 1 0 1 0 0 0 1 0 0 1 0 0.0 1.0 0.0 0.0 0.0 0.0 12.0 
1 1 0 1 0 0 0 1 0 1 0 0 0.0 1.0 0.0 0.0 0.0 0.0 12.0 
1 1 0 1 0 0 0 1 1 0 0 0 0.0 1.0 0.0 0.0 0.0 0.0 12.0 
1 1 0 1 0 0 0 2 0 0 0 0 0.0 1.0 0.0 0.0 0.0 0.0 6.0 
1 1 0 1 0 0 1 0 0 0 0 1 0.33333334 0.6666667 0.0 0.0 0.0 0.0 12.0 
1 1 0 1 0 0 1 0 0 0 1 0 0.33333334 0.6666667 0.0 0.0 0.0 0.0 12.0 
1 1 0 1 0 0 1 0 0 1 0 0 0.33333334 0.6666667 0.0 0.0 0.0 0.0 12.0 
1 1 0 1 0 0 1 0 1 0 0 0 0.33333334 0.6666667 0.0 0.0 0.0 0.0 12.0 
1 1 0 1 0 0 1 1 0 0 0 0 0.33333334 0.6666667 0.0 0.0 0.0 0.0 12.0 
1 1 0 1 0 0 2 0 0 0 0 0 0.6666667 0.33333334 0.0 0.0 0.0 0.0 6.0 
1 1 1 0 0 0 0 0 0 0 0 2 0.0 0.0 0.0 0.0 0.0 1.0 6.0 
1 1 1 0 0 0 0 0 0 0 1 1 0.0 0.0 0.0 0.0 1.0 0.0 12.0 
1 1 1 0 0 0 0 0 0 0 2 0 0.0 0.0 0.0 1.0 0.0 0.0 6.0 
1 1 1 0 0 0 0 0 0 1 0 1 0.0 0.0 0.0 1.0 0.0 0.0 12.0 
1 1 1 0 0 0 0 0 0 1 1 0 0.0 0.0 1.0 0.0 0.0 0.0 12.0 
1 1 1 0 0 0 0 0 0 2 0 0 0.0 0.0 1.0 0.0 0.0 0.0 6.0 
1 1 1 0 0 0 0 0 1 0 0 1 0.0 0.0 1.0 0.0 0.0 0.0 12.0 
1 1 1 0 0 0 0 0 1 0 1 0 0.0 0.0 1.0 0.0 0.0 0.0 12.0 
1 1 1 0 0 0 0 0 1 1 0 0 0.0 1.0 0.0 0.0 0.0 0.0 12.0 
1 1 1 0 0 0 0 0 2 0 0 0 0.0 1.0 0.0 0.0 0.0 0.0 6.0 
1 1 1 0 0 0 0 1 0 0 0 1 0.0 1.0 0.0 0.0 0.0 0.0 12.0 
1 1 1 0 0 0 0 1 0 0 1 0 0.0 1.0 0.0 0.0 0.0 0.0 12.0 
1 1 1 0 0 0 0 1 0 1 0 0 0.0 1.0 0.0 0.0 0.0 0.0 12.0 
1 1 1 0 0 0 0 1 1 0 0 0 0.0 1.0 0.0 0.0 0.0 0.0 12.0 
1 1 1 0 0 0 0 2 0 0 0 0 0.0 1.0 0.0 0.0 0.0 0.0 6.0 
1 1 1 0 0 0 1 0 0 0 0 1 0.33333334 0.6666667 0.0 0.0 0.0 0.0 12.0 
1 1 1 0 0 0 1 0 0 0 1 0 0.33333334 0.6666667 0.0 0.0 0.0 0.0 12.0 
1 1 1 0 0 0 1 0 0 1 0 0 0.33333334 0.6666667 0.0 0.0 0.0 0.0 12.0 
1 1 1 0 0 0 1 0 1 0 0 0 0.33333334 0.6666667 0.0 0.0 0.0 0.0 12.0 
1 1 1 0 0 0 1 1 0 0 0 0 0.33333334 0.6666667 0.0 0.0 0.0 0.0 12.0 
1 1 1 0 0 0 2 0 0 0 0 0 0.6666667 0.33333334 0.0 0.0 0.0 0.0 6.0 
1 2 0 0 0 0 0 0 0 0 0 2 0.0 0.0 0.0 0.0 0.0 1.0 3.0 
1 2 0 0 0 0 0 0 0 0 1 1 0.0 0.0 0.0 0.0 1.0 0.0 6.0 
1 2 0 0 0 0 0 0 0 0 2 0 0.0 0.0 0.0 1.0 0.0 0.0 3.0 
1 2 0 0 0 0 0 0 0 1 0 1 0.0 0.0 0.0 1.0 0.0 0.0 6.0 
1 2 0 0 0 0 0 0 0 1 1 0 0.0 0.0 1.0 0.0 0.0 0.0 6.0 
1 2 0 0 0 0 0 0 0 2 0 0 0.0 0.0 1.0 0.0 0.0 0.0 3.0 
1 2 0 0 0 0 0 0 1 0 0 1 0.0 0.0 1.0 0.0 0.0 0.0 6.0 
1 2 0 0 0 0 0 0 1 0 1 0 0.0 0.0 1.0 0.0 0.0 0.0 6.0 
1 2 0 0 0 0 0 0 1 1 0 0 0.0 1.0 0.0 0.0 0.0 0.0 6.0 
1 2 0 0 0 0 0 0 2 0 0 0 0.0 1.0 0.0 0.0 0.0 0.0 3.0 
1 2 0 0 0 0 0 1 0 0 0 1 0.0 1.0 0.0 0.0 0.0 0.0 6.0 
1 2 0 0 0 0 0 1 0 0 1 0 0.0 1.0 0.0 0.0 0.0 0.0 6.0 
1 2 0 0 0 0 0 1 0 1 0 0 0.0 1.0 0.0 0.0 0.0 0.0 6.0 
1 2 0 0 0 0 0 1 1 0 0 0 0.0 1.0 0.0 0.0 0.0 0.0 6.0 
1 2 0 0 0 0 0 2 0 0 0 0 0.0 1.0 0.0 0.0 0.0 0.0 3.0 
1 2 0 0 0 0 1 0 0 0 0 1 0.33333334 0.6666667 0.0 0.0 0.0 0.0 6.0 
1 2 0 0 0 0 1 0 0 0 1 0 0.33333334 0.6666667 0.0 0.0 0.0 0.0 6.0 
1 2 0 0 0 0 1 0 0 1 0 0 0.33333334 0.6666667 0.0 0.0 0.0 0.0 6.0 
1 2 0 0 0 0 1 0 1 0 0 0 0.33333334 0.6666667 0.0 0.0 0.0 0.0 6.0 
1 2 0 0 0 0 1 1 0 0 0 0 0.33333334 0.6666667 0.0 0.0 0.0 0.0 6.0 
1 2 0 0 0 0 2 0 0 0 0 0 0.6666667 0.33333334 0.0 0.0 0.0 0.0 3.0 
2 0 0 0 0 1 0 0 0 0 0 2 0.0 0.0 0.0 0.0 0.0 1.0 3.0 
2 0 0 0 0 1 0 0 0 0 1 1 0.0 0.0 0.0 0.0 1.0 0.0 6.0 
2 0 0 0 0 1 0 0 0 0 2 0 0.0 0.0 0.0 1.0 0.0 0.0 3.0 
2 0 0 0 0 1 0 0 0 1 0 1 0.0 0.0 0.0 1.0 0.0 0.0 6.0 
2 0 0 0 0 1 0 0 0 1 1 0 0.0 0.0 1.0 0.0 0.0 0.0 6.0 
2 0 0 0 0 1 0 0 0 2 0 0 0.0 0.0 1.0 0.0 0.0 0.0 3.0 
2 0 0 0 0 1 0 0 1 0 0 1 0.0 0.0 1.0 0.0 0.0 0.0 6.0 
2 0 0 0 0 1 0 0 1 0 1 0 0.0 0.0 1.0 0.0 0.0 0.0 6.0 
2 0 0 0 0 1 0 0 1 1 0 0 0.0 1.0 0.0 0.0 0.0 0.0 6.0 
2 0 0 0 0 1 0 0 2 0 0 0 0.0 1.0 0.0 0.0 0.0 0.0 3.0 
2 0 0 0 0 1 0 1 0 0 0 1 0.0 1.0 0.0 0.0 0.0 0.0 6.0 
2 0 0 0 0 1 0 1 0 0 1 0 0.0 1.0 0.0 0.0 0.0 0.0 6.0 
2 0 0 0 0 1 0 1 0 1 0 0 0.0 1.0 0.0 0.0 0.0 0.0 6.0 
2 0 0 0 0 1 0 1 1 0 0 0 0.0 1.0 0.0 0.0 0.0 0.0 6.0 
2 0 0 0 0 1 0 2 0 0 0 0 0.0 1.0 0.0 0.0 0.0 0.0 3.0 
2 0 0 0 0 1 1 0 0 0 0 1 1.0 0.0 0.0 0.0 0.0 0.0 6.0 
2 0 0 0 0 1 1 0 0 0 1 0 1.0 0.0 0.0 0.0 0.0 0.0 6.0 
2 0 0 0 0 1 1 0 0 1 0 0 1.0 0.0 0.0 0.0 0.0 0.0 6.0 
2 0 0 0 0 1 1 0 1 0 0 0 1.0 0.0 0.0 0.0 0.0 0.0 6.0 
2 0 0 0 0 1 1 1 0 0 0 0 1.0 0.0 0.0 0.0 0.0 0.0 6.0 
2 0 0 0 0 1 2 0 0 0 0 0 1.0 0.0 0.0 0.0 0.0 0.0 3.0 
2 0 0 0 1 0 0 0 0 0 0 2 0.0 0.0 0.0 0.0 0.0 1.0 3.0 
2 0 0 0 1 0 0 0 0 0 1 1 0.0 0.0 0.0 0.0 1.0 0.0 6.0 
2 0 0 0 1 0 0 0 0 0 2 0 0.0 0.0 0.0 1.0 0.0 0.0 3.0 
2 0 0 0 1 0 0 0 0 1 0 1 0.0 0.0 0.0 1.0 0.0 0.0 6.0 
2 0 0 0 1 0 0 0 0 1 1 0 0.0 0.0 1.0 0.0 0.0 0.0 6.0 
2 0 0 0 1 0 0 0 0 2 0 0 0.0 0.0 1.0 0.0 0.0 0.0 3.0 
2 0 0 0 1 0 0 0 1 0 0 1 0.0 0.0 1.0 0.0 0.0 0.0 6.0 
2 0 0 0 1 0 0 0 1 0 1 0 0.0 0.0 1.0 0.0 0.0 0.0 6.0 
2 0 0 0 1 0 0 0 1 1 0 0 0.0 1.0 0.0 0.0 0.0 0.0 6.0 
2 0 0 0 1 0 0 0 2 0 0 0 0.0 1.0 0.0 0.0 0.0 0.0 3.0 
2 0 0 0 1 0 0 1 0 0 0 1 0.0 1.0 0.0 0.0 0.0 0.0 6.0 
2 0 0 0 1 0 0 1 0 0 1 0 0.0 1.0 0.0 0.0 0.0 0.0 6.0 
2 0 0 0 1 0 0 1 0 1 0 0 0.0 1.0 0.0 0.0 0.0 0.0 6.0 
2 0 0 0 1 0 0 1 1 0 0 0 0.0 1.0 0.0 0.0 0.0 0.0 6.0 
2 0 0 0 1 0 0 2 0 0 0 0 0.0 1.0 0.0 0.0 0.0 0.0 3.0 
2 0 0 0 1 0 1 0 0 0 0 1 1.0 0.0 0.0 0.0 0.0 0.0 6.0 
2 0 0 0 1 0 1 0 0 0 1 0 1.0 0.0 0.0 0.0 0.0 0.0 6.0 
2 0 0 0 1 0 1 0 0 1 0 0 1.0 0.0 0.0 0.0 0.0 0.0 6.0 
2 0 0 0 1 0 1 0 1 0 0 0 1.0 0.0 0.0 0.0 0.0 0.0 6.0 
2 0 0 0 1 0 1 1 0 0 0 0 1.0 0.0 0.0 0.0 0.0 0.0 6.0 
2 0 0 0 1 0 2 0 0 0 0 0 1.0 0.0 0.0 0.0 0.0 0.0 3.0 
2 0 0 1 0 0 0 0 0 0 0 2 0.0 0.0 0.0 0.0 0.0 1.0 3.0 
2 0 0 1 0 0 0 0 0 0 1 1 0.0 0.0 0.0 0.0 1.0 0.0 6.0 
2 0 0 1 0 0 0 0 0 0 2 0 0.0 0.0 0.0 1.0 0.0 0.0 3.0 
2 0 0 1 0 0 0 0 0 1 0 1 0.0 0.0 0.0 1.0 0.0 0.0 6.0 
2 0 0 1 0 0 0 0 0 1 1 0 0.0 0.0 1.0 0.0 0.0 0.0 6.0 
2 0 0 1 0 0 0 0 0 2 0 0 0.0 0.0 1.0 0.0 0.0 0.0 3.0 
2 0 0 1 0 0 0 0 1 0 0 1 0.0 0.0 1.0 0.0 0.0 0.0 6.0 
2 0 0 1 0 0 0 0 1 0 1 0 0.0 0.0 1.0 0.0 0.0 0.0 6.0 
2 0 0 1 0 0 0 0 1 1 0 0 0.0 1.0 0.0 0.0 0.0 0.0 6.0 
2 0 0 1 0 0 0 0 2 0 0 0 0.0 1.0 0.0 0.0 0.0 0.0 3.0 
2 0 0 1 0 0 0 1 0 0 0 1 0.0 1.0 0.0 0.0 0.0 0.0 6.0 
2 0 0 1 0 0 0 1 0 0 1 0 0.0 1.0 0.0 0.0 0.0 0.0 6.0 
2 0 0 1 0 0 0 1 0 1 0 0 0.0 1.0 0.0 0.0 0.0 0.0 6.0 
2 0 0 1 0 0 0 1 1 0 0 0 0.0 1.0 0.0 0.0 0.0 0.0 6.0 
2 0 0 1 0 0 0 2 0 0 0 0 0.0 1.0 0.0 0.0 0.0 0.0 3.0 
2 0 0 1 0 0 1 0 0 0 0 1 1.0 0.0 0.0 0.0 0.0 0.0 6.0 
2 0 0 1 0 0 1 0 0 0 1 0 1.0 0.0 0.0 0.0 0.0 0.0 6.0 
2 0 0 1 0 0 1 0 0 1 0 0 1.0 0.0 0.0 0.0 0.0 0.0 6.0 
2 0 0 1 0 0 1 0 1 0 0 0 1.0 0.0 0.0 0.0 0.0 0.0 6.0 
2 0 0 1 0 0 1 1 0 0 0 0 1.0 0.0 0.0 0.0 0.0 0.0 6.0 
2 0 0 1 0 0 2 0 0 0 0 0 1.0 0.0 0.0 0.0 0.0 0.0 3.0 
2 0 1 0 0 0 0 0 0 0 0 2 0.0 0.0 0.0 0.0 0.0 1.0 3.0 
2 0 1 0 0 0 0 0 0 0 1 1 0.0 0.0 0.0 0.0 1.0 0.0 6.0 
2 0 1 0 0 0 0 0 0 0 2 0 0.0 0.0 0.0 1.0 0.0 0.0 3.0 
2 0 1 0 0 0 0 0 0 1 0 1 0.0 0.0 0.0 1.0 0.0 0.0 6.0 
2 0 1 0 0 0 0 0 0 1 1 0 0.0 0.0 1.0 0.0 0.0 0.0 6.0 
2 0 1 0 0 0 0 0 0 2 0 0 0.0 0.0 1.0 0.0 0.0 0.0 3.0 
2 0 1 0 0 0 0 0 1 0 0 1 0.0 0.0 1.0 0.0 0.0 0.0 6.0 
2 0 1 0 0 0 0 0 1 0 1 0 0.0 0.0 1.0 0.0 0.0 0.0 6.0 
2 0 1 0 0 0 0 0 1 1 0 0 0.0 1.0 0.0 0.0 0.0 0.0 6.0 
2 0 1 0 0 0 0 0 2 0 0 0 0.0 1.0 0.0 0.0 0.0 0.0 3.0 
2 0 1 0 0 0 0 1 0 0 0 1 0.0 1.0 0.0 0.0 0.0 0.0 6.0 
2 0 1 0 0 0 0 1 0 0 1 0 0.0 1.0 0.0 0.0 0.0 0.0 6.0 
2 0 1 0 0 0 0 1 0 1 0 0 0.0 1.0 0.0 0.0 0.0 0.0 6.0 
2 0 1 0 0 0 0 1 1 0 0 0 0.0 1.0 0.0 0.0 0.0 0.0 6.0 
2 0 1 0 0 0 0 2 0 0 0 0 0.0 1.0 0.0 0.0 0.0 0.0 3.0 
2 0 1 0 0 0 1 0 0 0 0 1 1.0 0.0 0.0 0.0 0.0 0.0 6.0 
2 0 1 0 0 0 1 0 0 0 1 0 1.0 0.0 0.0 0.0 0.0 0.0 6.0 
2 0 1 0 0 0 1 0 0 1 0 0 1.0 0.0 0.0 0.0 0.0 0.0 6.0 
2 0 1 0 0 0 1 0 1 0 0 0 1.0 0.0 0.0 0.0 0.0 0.0 6.0 
2 0 1 0 0 0 1 1 0 0 0 0 1.0 0.0 0.0 0.0 0.0 0.0 6.0 
2 0 1 0 0 0 2 0 0 0 0 0 1.0 0.0 0.0 0.0 0.0 0.0 3.0 
2 1 0 0 0 0 0 0 0 0 0 2 0.0 0.0 0.0 0.0 0.0 1.0 3.0 
2 1 0 0 0 0 0 0 0 0 1 1 0.0 0.0 0.0 0.0 1.0 0.0 6.0 
2 1 0 0 0 0 0 0 0 0 2 0 0.0 0.0 0.0 1.0 0.0 0.0 3.0 
2 1 0 0 0 0 0 0 0 1 0 1 0.0 0.0 0.0 1.0 0.0 0.0 6.0 
2 1 0 0 0 0 0 0 0 1 1 0 0.0 0.0 1.0 0.0 0.0 0.0 6.0 
2 1 0 0 0 0 0 0 0 2 0 0 0.0 0.0 1.0 0.0 0.0 0.0 3.0 
2 1 0 0 0 0 0 0 1 0 0 1 0.0 0.0 1.0 0.0 0.0 0.0 6.0 
2 1 0 0 0 0 0 0 1 0 1 0 0.0 0.0 1.0 0.0 0.0 0.0 6.0 
2 1 0 0 0 0 0 0 1 1 0 0 0.0 1.0 0.0 0.0 0.0 0.0 6.0 
2 1 0 0 0 0 0 0 2 0 0 0 0.0 1.0 0.0 0.0 0.0 0.0 3.0 
2 1 0 0 0 0 0 1 0 0 0 1 0.0 1.0 0.0 0.0 0.0 0.0 6.0 
2 1 0 0 0 0 0 1 0 0 1 0 0.0 1.0 0.0 0.0 0.0 0.0 6.0 
2 1 0 0 0 0 0 1 0 1 0 0 0.0 1.0 0.0 0.0 0.0 0.0 6.0 
2 1 0 0 0 0 0 1 1 0 0 0 0.0 1.0 0.0 0.0 0.0 0.0 6.0 
2 1 0 0 0 0 0 2 0 0 0 0 0.0 1.0 0.0 0.0 0.0 0.0 3.0 
2 1 0 0 0 0 1 0 0 0 0 1 1.0 0.0 0.0 0.0 0.0 0.0 6.0 
2 1 0 0 0 0 1 0 0 0 1 0 1.0 0.0 0.0 0.0 0.0 0.0 6.0 
2 1 0 0 0 0 1 0 0 1 0 0 1.0 0.0 0.0 0.0 0.0 0.0 6.0 
2 1 0 0 0 0 1 0 1 0 0 0 1.0 0.0 0.0 0.0 0.0 0.0 6.0 
2 1 0 0 0 0 1 1 0 0 0 0 1.0 0.0 0.0 0.0 0.0 0.0 6.0 
2 1 0 0 0 0 2 0 0 0 0 0 1.0 0.0 0.0 0.0 0.0 0.0 3.0 
3 0 0 0 0 0 0 0 0 0 0 2 0.0 0.0 0.0 0.0 0.0 1.0 1.0 
3 0 0 0 0 0 0 0 0 0 1 1 0.0 0.0 0.0 0.0 1.0 0.0 2.0 
3 0 0 0 0 0 0 0 0 0 2 0 0.0 0.0 0.0 1.0 0.0 0.0 1.0 
3 0 0 0 0 0 0 0 0 1 0 1 0.0 0.0 0.0 1.0 0.0 0.0 2.0 
3 0 0 0 0 0 0 0 0 1 1 0 0.0 0.0 1.0 0.0 0.0 0.0 2.0 
3 0 0 0 0 0 0 0 0 2 0 0 0.0 0.0 1.0 0.0 0.0 0.0 1.0 
3 0 0 0 0 0 0 0 1 0 0 1 0.0 0.0 1.0 0.0 0.0 0.0 2.0 
3 0 0 0 0 0 0 0 1 0 1 0 0.0 0.0 1.0 0.0 0.0 0.0 2.0 
3 0 0 0 0 0 0 0 1 1 0 0 0.0 1.0 0.0 0.0 0.0 0.0 2.0 
3 0 0 0 0 0 0 0 2 0 0 0 0.0 1.0 0.0 0.0 0.0 0.0 1.0 
3 0 0 0 0 0 0 1 0 0 0 1 0.0 1.0 0.0 0.0 0.0 0.0 2.0 
3 0 0 0 0 0 0 1 0 0 1 0 0.0 1.0 0.0 0.0 0.0 0.0 2.0 
3 0 0 0 0 0 0 1 0 1 0 0 0.0 1.0 0.0 0.0 0.0 0.0 2.0 
3 0 0 0 0 0 0 1 1 0 0 0 0.0 1.0 0.0 0.0 0.0 0.0 2.0 
3 0 0 0 0 0 0 2 0 0 0 0 0.0 1.0 0.0 0.0 0.0 0.0 1.0 
3 0 0 0 0 0 1 0 0 0 0 1 1.0 0.0 0.0 0.0 0.0 0.0 2.0 
3 0 0 0 0 0 1 0 0 0 1 0 1.0 0.0 0.0 0.0 0.0 0.0 2.0 
3 0 0 0 0 0 1 0 0 1 0 0 1.0 0.0 0.0 0.0 0.0 0.0 2.0 
3 0 0 0 0 0 1 0 1 0 0 0 1.0 0.0 0.0 0.0 0.0 0.0 2.0 
3 0 0 0 0 0 1 1 0 0 0 0 1.0 0.0 0.0 0.0 0.0 0.0 2.0 
3 0 0 0 0 0 2 0 0 0 0 0 1.0 0.0 0.0 0.0 0.0 0.0 1.0 
